onset	duration	trial_type	value	sample
3.182	0.0	adapter	1	1591
3.182	0.0	adapter	1	1591
4.206	0.0	+37.5	20	2103
4.206	0.0	+37.5	20	2103
5.242	0.0	adapter	1	2621
5.242	0.0	adapter	1	2621
6.266	0.0	-37.5	26	3133
6.266	0.0	-37.5	26	3133
7.332	0.0	adapter	1	3666
7.332	0.0	adapter	1	3666
8.356	0.0	-12.5	24	4178
8.356	0.0	-12.5	24	4178
9.43	0.0	adapter	1	4715
9.43	0.0	adapter	1	4715
10.454	0.0	+12.5	22	5227
10.454	0.0	+12.5	22	5227
11.538	0.0	adapter	1	5769
11.538	0.0	adapter	1	5769
12.562	0.0	-37.5	26	6281
12.562	0.0	-37.5	26	6281
13.638	0.0	adapter	1	6819
13.638	0.0	adapter	1	6819
14.662	0.0	-12.5	24	7331
14.662	0.0	-12.5	24	7331
15.732	0.0	adapter	1	7866
15.732	0.0	adapter	1	7866
16.756	0.0	+37.5	20	8378
16.756	0.0	+37.5	20	8378
17.836	0.0	adapter	1	8918
17.836	0.0	adapter	1	8918
18.86	0.0	+12.5	22	9430
18.86	0.0	+12.5	22	9430
19.934	0.0	adapter	1	9967
19.934	0.0	adapter	1	9967
20.958	0.0	-37.5	26	10479
20.958	0.0	-37.5	26	10479
22.024	0.0	adapter	1	11012
22.024	0.0	adapter	1	11012
23.048	0.0	-12.5	24	11524
23.048	0.0	-12.5	24	11524
24.126	0.0	adapter	1	12063
24.126	0.0	adapter	1	12063
25.15	0.0	+37.5	20	12575
25.15	0.0	+37.5	20	12575
26.22	0.0	adapter	1	13110
26.22	0.0	adapter	1	13110
27.244	0.0	+12.5	22	13622
27.244	0.0	+12.5	22	13622
37.264	0.0	adapter	1	18632
37.264	0.0	adapter	1	18632
38.288	0.0	-12.5_t	14	19144
38.288	0.0	-12.5_t	14	19144
39.342	0.0	adapter	1	19671
39.342	0.0	adapter	1	19671
40.366	0.0	-37.5	26	20183
40.366	0.0	-37.5	26	20183
41.446	0.0	adapter	1	20723
41.446	0.0	adapter	1	20723
42.47	0.0	+12.5	22	21235
42.47	0.0	+12.5	22	21235
43.544	0.0	adapter	1	21772
43.544	0.0	adapter	1	21772
44.568	0.0	+37.5	20	22284
44.568	0.0	+37.5	20	22284
45.65	0.0	adapter	1	22825
45.65	0.0	adapter	1	22825
46.674	0.0	-12.5	24	23337
46.674	0.0	-12.5	24	23337
47.758	0.0	adapter	1	23879
47.758	0.0	adapter	1	23879
48.782	0.0	+37.5	20	24391
48.782	0.0	+37.5	20	24391
49.85	0.0	adapter	1	24925
49.85	0.0	adapter	1	24925
50.874	0.0	-37.5	26	25437
50.874	0.0	-37.5	26	25437
51.944	0.0	adapter	1	25972
51.944	0.0	adapter	1	25972
52.968	0.0	+12.5	22	26484
52.968	0.0	+12.5	22	26484
54.016	0.0	adapter	1	27008
54.016	0.0	adapter	1	27008
55.04	0.0	-12.5	24	27520
55.04	0.0	-12.5	24	27520
56.128	0.0	adapter	1	28064
56.128	0.0	adapter	1	28064
57.152	0.0	-37.5	26	28576
57.152	0.0	-37.5	26	28576
58.208	0.0	adapter	1	29104
58.208	0.0	adapter	1	29104
59.232	0.0	+12.5	22	29616
59.232	0.0	+12.5	22	29616
60.314	0.0	adapter	1	30157
60.314	0.0	adapter	1	30157
61.338	0.0	+37.5	20	30669
61.338	0.0	+37.5	20	30669
62.42	0.0	adapter	1	31210
62.42	0.0	adapter	1	31210
63.444	0.0	-37.5	26	31722
63.444	0.0	-37.5	26	31722
69.25	0.0	adapter	1	34625
69.25	0.0	adapter	1	34625
70.274	0.0	-12.5_t	14	35137
70.274	0.0	-12.5_t	14	35137
71.354	0.0	adapter	1	35677
71.354	0.0	adapter	1	35677
72.378	0.0	+37.5	20	36189
72.378	0.0	+37.5	20	36189
73.47	0.0	adapter	1	36735
73.47	0.0	adapter	1	36735
74.494	0.0	+12.5	22	37247
74.494	0.0	+12.5	22	37247
75.562	0.0	adapter	1	37781
75.562	0.0	adapter	1	37781
76.586	0.0	-37.5	26	38293
76.586	0.0	-37.5	26	38293
77.674	0.0	adapter	1	38837
77.674	0.0	adapter	1	38837
78.698	0.0	+12.5	22	39349
78.698	0.0	+12.5	22	39349
79.772	0.0	adapter	1	39886
79.772	0.0	adapter	1	39886
80.796	0.0	-12.5	24	40398
80.796	0.0	-12.5	24	40398
81.878	0.0	adapter	1	40939
81.878	0.0	adapter	1	40939
82.902	0.0	+37.5	20	41451
82.902	0.0	+37.5	20	41451
83.952	0.0	adapter	1	41976
83.952	0.0	adapter	1	41976
84.976	0.0	+12.5	22	42488
84.976	0.0	+12.5	22	42488
86.046	0.0	adapter	1	43023
86.046	0.0	adapter	1	43023
87.07	0.0	-37.5	26	43535
87.07	0.0	-37.5	26	43535
88.136	0.0	adapter	1	44068
88.136	0.0	adapter	1	44068
89.16	0.0	+37.5	20	44580
89.16	0.0	+37.5	20	44580
90.234	0.0	adapter	1	45117
90.234	0.0	adapter	1	45117
91.258	0.0	-12.5	24	45629
91.258	0.0	-12.5	24	45629
92.33	0.0	adapter	1	46165
92.33	0.0	adapter	1	46165
93.354	0.0	-37.5	26	46677
93.354	0.0	-37.5	26	46677
94.426	0.0	adapter	1	47213
94.426	0.0	adapter	1	47213
95.45	0.0	-12.5	24	47725
95.45	0.0	-12.5	24	47725
96.548	0.0	adapter	1	48274
96.548	0.0	adapter	1	48274
97.572	0.0	+12.5	22	48786
97.572	0.0	+12.5	22	48786
98.606	0.0	adapter	1	49303
98.606	0.0	adapter	1	49303
99.63	0.0	+37.5	20	49815
99.63	0.0	+37.5	20	49815
100.704	0.0	adapter	1	50352
100.704	0.0	adapter	1	50352
101.728	0.0	+12.5	22	50864
101.728	0.0	+12.5	22	50864
102.81	0.0	adapter	1	51405
102.81	0.0	adapter	1	51405
103.834	0.0	-37.5	26	51917
103.834	0.0	-37.5	26	51917
104.912	0.0	adapter	1	52456
104.912	0.0	adapter	1	52456
105.936	0.0	+37.5	20	52968
105.936	0.0	+37.5	20	52968
107.006	0.0	adapter	1	53503
107.006	0.0	adapter	1	53503
108.03	0.0	-12.5	24	54015
108.03	0.0	-12.5	24	54015
109.096	0.0	adapter	1	54548
109.096	0.0	adapter	1	54548
110.12	0.0	-37.5	26	55060
110.12	0.0	-37.5	26	55060
111.172	0.0	adapter	1	55586
111.172	0.0	adapter	1	55586
112.196	0.0	+37.5	20	56098
112.196	0.0	+37.5	20	56098
113.24	0.0	adapter	1	56620
113.24	0.0	adapter	1	56620
114.264	0.0	+12.5	22	57132
114.264	0.0	+12.5	22	57132
118.962	0.0	adapter	1	59481
118.962	0.0	adapter	1	59481
119.986	0.0	-12.5_t	14	59993
119.986	0.0	-12.5_t	14	59993
121.084	0.0	adapter	1	60542
121.084	0.0	adapter	1	60542
122.108	0.0	+12.5	22	61054
122.108	0.0	+12.5	22	61054
123.158	0.0	adapter	1	61579
123.158	0.0	adapter	1	61579
124.182	0.0	-12.5	24	62091
124.182	0.0	-12.5	24	62091
125.254	0.0	adapter	1	62627
125.254	0.0	adapter	1	62627
126.278	0.0	-37.5	26	63139
126.278	0.0	-37.5	26	63139
127.352	0.0	adapter	1	63676
127.352	0.0	adapter	1	63676
128.376	0.0	+37.5	20	64188
128.376	0.0	+37.5	20	64188
129.45	0.0	adapter	1	64725
129.45	0.0	adapter	1	64725
130.474	0.0	-37.5	26	65237
130.474	0.0	-37.5	26	65237
131.564	0.0	adapter	1	65782
131.564	0.0	adapter	1	65782
132.588	0.0	+12.5	22	66294
132.588	0.0	+12.5	22	66294
133.664	0.0	adapter	1	66832
133.664	0.0	adapter	1	66832
134.688	0.0	-12.5	24	67344
134.688	0.0	-12.5	24	67344
135.754	0.0	adapter	1	67877
135.754	0.0	adapter	1	67877
136.778	0.0	+37.5	20	68389
136.778	0.0	+37.5	20	68389
137.852	0.0	adapter	1	68926
137.852	0.0	adapter	1	68926
138.876	0.0	-37.5	26	69438
138.876	0.0	-37.5	26	69438
139.958	0.0	adapter	1	69979
139.958	0.0	adapter	1	69979
140.982	0.0	+37.5	20	70491
140.982	0.0	+37.5	20	70491
142.08	0.0	adapter	1	71040
142.08	0.0	adapter	1	71040
143.104	0.0	-12.5	24	71552
143.104	0.0	-12.5	24	71552
144.162	0.0	adapter	1	72081
144.162	0.0	adapter	1	72081
145.186	0.0	+12.5	22	72593
145.186	0.0	+12.5	22	72593
146.244	0.0	adapter	1	73122
146.244	0.0	adapter	1	73122
147.268	0.0	-12.5	24	73634
147.268	0.0	-12.5	24	73634
148.35	0.0	adapter	1	74175
148.35	0.0	adapter	1	74175
149.374	0.0	+12.5	22	74687
149.374	0.0	+12.5	22	74687
150.432	0.0	adapter	1	75216
150.432	0.0	adapter	1	75216
151.456	0.0	+37.5	20	75728
151.456	0.0	+37.5	20	75728
152.532	0.0	adapter	1	76266
152.532	0.0	adapter	1	76266
153.556	0.0	-37.5	26	76778
153.556	0.0	-37.5	26	76778
154.614	0.0	adapter	1	77307
154.614	0.0	adapter	1	77307
155.638	0.0	-12.5	24	77819
155.638	0.0	-12.5	24	77819
156.706	0.0	adapter	1	78353
156.706	0.0	adapter	1	78353
157.73	0.0	+12.5	22	78865
157.73	0.0	+12.5	22	78865
158.79	0.0	adapter	1	79395
158.79	0.0	adapter	1	79395
159.814	0.0	+37.5	20	79907
159.814	0.0	+37.5	20	79907
160.88	0.0	adapter	1	80440
160.88	0.0	adapter	1	80440
161.904	0.0	-37.5	26	80952
161.904	0.0	-37.5	26	80952
170.612	0.0	adapter	1	85306
170.612	0.0	adapter	1	85306
171.636	0.0	+37.5_t	10	85818
171.636	0.0	+37.5_t	10	85818
172.694	0.0	adapter	1	86347
172.694	0.0	adapter	1	86347
173.718	0.0	+12.5	22	86859
173.718	0.0	+12.5	22	86859
174.792	0.0	adapter	1	87396
174.792	0.0	adapter	1	87396
175.816	0.0	-12.5	24	87908
175.816	0.0	-12.5	24	87908
176.9	0.0	adapter	1	88450
176.9	0.0	adapter	1	88450
177.924	0.0	-37.5	26	88962
177.924	0.0	-37.5	26	88962
178.992	0.0	adapter	1	89496
178.992	0.0	adapter	1	89496
180.016	0.0	-12.5	24	90008
180.016	0.0	-12.5	24	90008
181.138	0.0	adapter	1	90569
181.138	0.0	adapter	1	90569
182.162	0.0	-37.5	26	91081
182.162	0.0	-37.5	26	91081
183.238	0.0	adapter	1	91619
183.238	0.0	adapter	1	91619
184.262	0.0	+12.5	22	92131
184.262	0.0	+12.5	22	92131
185.338	0.0	adapter	1	92669
185.338	0.0	adapter	1	92669
186.362	0.0	+37.5	20	93181
186.362	0.0	+37.5	20	93181
187.444	0.0	adapter	1	93722
187.444	0.0	adapter	1	93722
188.468	0.0	-12.5	24	94234
188.468	0.0	-12.5	24	94234
189.56	0.0	adapter	1	94780
189.56	0.0	adapter	1	94780
190.584	0.0	+12.5	22	95292
190.584	0.0	+12.5	22	95292
191.67	0.0	adapter	1	95835
191.67	0.0	adapter	1	95835
192.694	0.0	+37.5	20	96347
192.694	0.0	+37.5	20	96347
193.76	0.0	adapter	1	96880
193.76	0.0	adapter	1	96880
194.784	0.0	-37.5	26	97392
194.784	0.0	-37.5	26	97392
195.882	0.0	adapter	1	97941
195.882	0.0	adapter	1	97941
196.906	0.0	+37.5	20	98453
196.906	0.0	+37.5	20	98453
197.978	0.0	adapter	1	98989
197.978	0.0	adapter	1	98989
199.002	0.0	-12.5	24	99501
199.002	0.0	-12.5	24	99501
200.086	0.0	adapter	1	100043
200.086	0.0	adapter	1	100043
201.11	0.0	+12.5	22	100555
201.11	0.0	+12.5	22	100555
202.174	0.0	adapter	1	101087
202.174	0.0	adapter	1	101087
203.198	0.0	-37.5	26	101599
203.198	0.0	-37.5	26	101599
204.274	0.0	adapter	1	102137
204.274	0.0	adapter	1	102137
205.298	0.0	-12.5	24	102649
205.298	0.0	-12.5	24	102649
206.37	0.0	adapter	1	103185
206.37	0.0	adapter	1	103185
207.394	0.0	-37.5	26	103697
207.394	0.0	-37.5	26	103697
208.47	0.0	adapter	1	104235
208.47	0.0	adapter	1	104235
209.494	0.0	+12.5	22	104747
209.494	0.0	+12.5	22	104747
210.566	0.0	adapter	1	105283
210.566	0.0	adapter	1	105283
211.59	0.0	+37.5	20	105795
211.59	0.0	+37.5	20	105795
212.65	0.0	adapter	1	106325
212.65	0.0	adapter	1	106325
213.674	0.0	+12.5	22	106837
213.674	0.0	+12.5	22	106837
214.738	0.0	adapter	1	107369
214.738	0.0	adapter	1	107369
215.762	0.0	+37.5	20	107881
215.762	0.0	+37.5	20	107881
223.622	0.0	adapter	1	111811
223.622	0.0	adapter	1	111811
224.646	0.0	-12.5_t	14	112323
224.646	0.0	-12.5_t	14	112323
225.71	0.0	adapter	1	112855
225.71	0.0	adapter	1	112855
226.734	0.0	-37.5	26	113367
226.734	0.0	-37.5	26	113367
227.808	0.0	adapter	1	113904
227.808	0.0	adapter	1	113904
228.832	0.0	+37.5	20	114416
228.832	0.0	+37.5	20	114416
229.876	0.0	adapter	1	114938
229.876	0.0	adapter	1	114938
230.9	0.0	-37.5	26	115450
230.9	0.0	-37.5	26	115450
231.962	0.0	adapter	1	115981
231.962	0.0	adapter	1	115981
232.986	0.0	+12.5	22	116493
232.986	0.0	+12.5	22	116493
234.074	0.0	adapter	1	117037
234.074	0.0	adapter	1	117037
235.098	0.0	-12.5	24	117549
235.098	0.0	-12.5	24	117549
236.16	0.0	adapter	1	118080
236.16	0.0	adapter	1	118080
237.184	0.0	-37.5	26	118592
237.184	0.0	-37.5	26	118592
238.25	0.0	adapter	1	119125
238.25	0.0	adapter	1	119125
239.274	0.0	+37.5	20	119637
239.274	0.0	+37.5	20	119637
240.352	0.0	adapter	1	120176
240.352	0.0	adapter	1	120176
241.376	0.0	-12.5	24	120688
241.376	0.0	-12.5	24	120688
242.446	0.0	adapter	1	121223
242.446	0.0	adapter	1	121223
243.47	0.0	+12.5	22	121735
243.47	0.0	+12.5	22	121735
244.544	0.0	adapter	1	122272
244.544	0.0	adapter	1	122272
245.568	0.0	-12.5	24	122784
245.568	0.0	-12.5	24	122784
246.638	0.0	adapter	1	123319
246.638	0.0	adapter	1	123319
247.662	0.0	+12.5	22	123831
247.662	0.0	+12.5	22	123831
248.746	0.0	adapter	1	124373
248.746	0.0	adapter	1	124373
249.77	0.0	-37.5	26	124885
249.77	0.0	-37.5	26	124885
250.852	0.0	adapter	1	125426
250.852	0.0	adapter	1	125426
251.876	0.0	+37.5	20	125938
251.876	0.0	+37.5	20	125938
252.944	0.0	adapter	1	126472
252.944	0.0	adapter	1	126472
253.968	0.0	-37.5	26	126984
253.968	0.0	-37.5	26	126984
261.022	0.0	adapter	1	130511
261.022	0.0	adapter	1	130511
262.046	0.0	-12.5_t	14	131023
262.046	0.0	-12.5_t	14	131023
263.124	0.0	adapter	1	131562
263.124	0.0	adapter	1	131562
264.148	0.0	+37.5	20	132074
264.148	0.0	+37.5	20	132074
265.194	0.0	adapter	1	132597
265.194	0.0	adapter	1	132597
266.218	0.0	+12.5	22	133109
266.218	0.0	+12.5	22	133109
267.284	0.0	adapter	1	133642
267.284	0.0	adapter	1	133642
268.308	0.0	+37.5	20	134154
268.308	0.0	+37.5	20	134154
269.38	0.0	adapter	1	134690
269.38	0.0	adapter	1	134690
270.404	0.0	+12.5	22	135202
270.404	0.0	+12.5	22	135202
271.492	0.0	adapter	1	135746
271.492	0.0	adapter	1	135746
272.516	0.0	-12.5	24	136258
272.516	0.0	-12.5	24	136258
273.584	0.0	adapter	1	136792
273.584	0.0	adapter	1	136792
274.608	0.0	-37.5	26	137304
274.608	0.0	-37.5	26	137304
275.674	0.0	adapter	1	137837
275.674	0.0	adapter	1	137837
276.698	0.0	+37.5	20	138349
276.698	0.0	+37.5	20	138349
277.772	0.0	adapter	1	138886
277.772	0.0	adapter	1	138886
278.796	0.0	-37.5	26	139398
278.796	0.0	-37.5	26	139398
279.88	0.0	adapter	1	139940
279.88	0.0	adapter	1	139940
280.904	0.0	-12.5	24	140452
280.904	0.0	-12.5	24	140452
281.992	0.0	adapter	1	140996
281.992	0.0	adapter	1	140996
283.016	0.0	+12.5	22	141508
283.016	0.0	+12.5	22	141508
284.076	0.0	adapter	1	142038
284.076	0.0	adapter	1	142038
285.1	0.0	+37.5	20	142550
285.1	0.0	+37.5	20	142550
286.15	0.0	adapter	1	143075
286.15	0.0	adapter	1	143075
287.174	0.0	+12.5	22	143587
287.174	0.0	+12.5	22	143587
288.246	0.0	adapter	1	144123
288.246	0.0	adapter	1	144123
289.27	0.0	-37.5	26	144635
289.27	0.0	-37.5	26	144635
290.34	0.0	adapter	1	145170
290.34	0.0	adapter	1	145170
291.364	0.0	-12.5	24	145682
291.364	0.0	-12.5	24	145682
292.426	0.0	adapter	1	146213
292.426	0.0	adapter	1	146213
293.45	0.0	+12.5	22	146725
293.45	0.0	+12.5	22	146725
294.518	0.0	adapter	1	147259
294.518	0.0	adapter	1	147259
295.542	0.0	-37.5	26	147771
295.542	0.0	-37.5	26	147771
302.19	0.0	adapter	1	151095
302.19	0.0	adapter	1	151095
303.214	0.0	-12.5_t	14	151607
303.214	0.0	-12.5_t	14	151607
304.294	0.0	adapter	1	152147
304.294	0.0	adapter	1	152147
305.318	0.0	+37.5	20	152659
305.318	0.0	+37.5	20	152659
306.386	0.0	adapter	1	153193
306.386	0.0	adapter	1	153193
307.41	0.0	-37.5	26	153705
307.41	0.0	-37.5	26	153705
308.49	0.0	adapter	1	154245
308.49	0.0	adapter	1	154245
309.514	0.0	+12.5	22	154757
309.514	0.0	+12.5	22	154757
310.59	0.0	adapter	1	155295
310.59	0.0	adapter	1	155295
311.614	0.0	-12.5	24	155807
311.614	0.0	-12.5	24	155807
312.678	0.0	adapter	1	156339
312.678	0.0	adapter	1	156339
313.702	0.0	+37.5	20	156851
313.702	0.0	+37.5	20	156851
314.796	0.0	adapter	1	157398
314.796	0.0	adapter	1	157398
315.82	0.0	+12.5	22	157910
315.82	0.0	+12.5	22	157910
316.874	0.0	adapter	1	158437
316.874	0.0	adapter	1	158437
317.898	0.0	-37.5	26	158949
317.898	0.0	-37.5	26	158949
318.954	0.0	adapter	1	159477
318.954	0.0	adapter	1	159477
319.98	0.0	-12.5	24	159990
319.98	0.0	-12.5	24	159990
321.036	0.0	adapter	1	160518
321.036	0.0	adapter	1	160518
322.06	0.0	+37.5	20	161030
322.06	0.0	+37.5	20	161030
323.118	0.0	adapter	1	161559
323.118	0.0	adapter	1	161559
324.142	0.0	-37.5	26	162071
324.142	0.0	-37.5	26	162071
325.224	0.0	adapter	1	162612
325.224	0.0	adapter	1	162612
326.248	0.0	-12.5	24	163124
326.248	0.0	-12.5	24	163124
327.308	0.0	adapter	1	163654
327.308	0.0	adapter	1	163654
328.332	0.0	+12.5	22	164166
328.332	0.0	+12.5	22	164166
329.414	0.0	adapter	1	164707
329.414	0.0	adapter	1	164707
330.438	0.0	+37.5	20	165219
330.438	0.0	+37.5	20	165219
331.518	0.0	adapter	1	165759
331.518	0.0	adapter	1	165759
332.542	0.0	-12.5	24	166271
332.542	0.0	-12.5	24	166271
333.614	0.0	adapter	1	166807
333.614	0.0	adapter	1	166807
334.638	0.0	+37.5	20	167319
334.638	0.0	+37.5	20	167319
335.708	0.0	adapter	1	167854
335.708	0.0	adapter	1	167854
336.732	0.0	+12.5	22	168366
336.732	0.0	+12.5	22	168366
340.368	0.0	adapter	1	170184
340.368	0.0	adapter	1	170184
341.392	0.0	-37.5	26	170696
341.392	0.0	-37.5	26	170696
342.464	0.0	adapter	1	171232
342.464	0.0	adapter	1	171232
343.488	0.0	-12.5	24	171744
343.488	0.0	-12.5	24	171744
344.566	0.0	adapter	1	172283
344.566	0.0	adapter	1	172283
345.59	0.0	+37.5	20	172795
345.59	0.0	+37.5	20	172795
346.684	0.0	adapter	1	173342
346.684	0.0	adapter	1	173342
347.708	0.0	-37.5	26	173854
347.708	0.0	-37.5	26	173854
348.79	0.0	adapter	1	174395
348.79	0.0	adapter	1	174395
349.814	0.0	+12.5	22	174907
349.814	0.0	+12.5	22	174907
350.874	0.0	adapter	1	175437
350.874	0.0	adapter	1	175437
351.898	0.0	-12.5	24	175949
351.898	0.0	-12.5	24	175949
352.966	0.0	adapter	1	176483
352.966	0.0	adapter	1	176483
353.99	0.0	-37.5	26	176995
353.99	0.0	-37.5	26	176995
355.052	0.0	adapter	1	177526
355.052	0.0	adapter	1	177526
356.076	0.0	+37.5	20	178038
356.076	0.0	+37.5	20	178038
357.148	0.0	adapter	1	178574
357.148	0.0	adapter	1	178574
358.172	0.0	+12.5	22	179086
358.172	0.0	+12.5	22	179086
359.246	0.0	adapter	1	179623
359.246	0.0	adapter	1	179623
360.27	0.0	-37.5	26	180135
360.27	0.0	-37.5	26	180135
361.36	0.0	adapter	1	180680
361.36	0.0	adapter	1	180680
362.384	0.0	+37.5	20	181192
362.384	0.0	+37.5	20	181192
379.55	0.0	adapter	1	189775
379.55	0.0	adapter	1	189775
380.574	0.0	+12.5_t	12	190287
380.574	0.0	+12.5_t	12	190287
381.638	0.0	adapter	1	190819
381.638	0.0	adapter	1	190819
382.662	0.0	-12.5	24	191331
382.662	0.0	-12.5	24	191331
383.73	0.0	adapter	1	191865
383.73	0.0	adapter	1	191865
384.754	0.0	+37.5	20	192377
384.754	0.0	+37.5	20	192377
385.822	0.0	adapter	1	192911
385.822	0.0	adapter	1	192911
386.846	0.0	-37.5	26	193423
386.846	0.0	-37.5	26	193423
387.91	0.0	adapter	1	193955
387.91	0.0	adapter	1	193955
388.934	0.0	-12.5	24	194467
388.934	0.0	-12.5	24	194467
389.984	0.0	adapter	1	194992
389.984	0.0	adapter	1	194992
391.008	0.0	+12.5	22	195504
391.008	0.0	+12.5	22	195504
392.088	0.0	adapter	1	196044
392.088	0.0	adapter	1	196044
393.112	0.0	+37.5	20	196556
393.112	0.0	+37.5	20	196556
394.188	0.0	adapter	1	197094
394.188	0.0	adapter	1	197094
395.212	0.0	+12.5	22	197606
395.212	0.0	+12.5	22	197606
396.296	0.0	adapter	1	198148
396.296	0.0	adapter	1	198148
397.32	0.0	-12.5	24	198660
397.32	0.0	-12.5	24	198660
398.392	0.0	adapter	1	199196
398.392	0.0	adapter	1	199196
399.416	0.0	-37.5	26	199708
399.416	0.0	-37.5	26	199708
404.242	0.0	adapter	1	202121
404.242	0.0	adapter	1	202121
405.266	0.0	+37.5	20	202633
405.266	0.0	+37.5	20	202633
406.34	0.0	adapter	1	203170
406.34	0.0	adapter	1	203170
407.364	0.0	-37.5	26	203682
407.364	0.0	-37.5	26	203682
408.446	0.0	adapter	1	204223
408.446	0.0	adapter	1	204223
409.47	0.0	+12.5	22	204735
409.47	0.0	+12.5	22	204735
410.54	0.0	adapter	1	205270
410.54	0.0	adapter	1	205270
411.564	0.0	-12.5	24	205782
411.564	0.0	-12.5	24	205782
412.632	0.0	adapter	1	206316
412.632	0.0	adapter	1	206316
413.656	0.0	-37.5	26	206828
413.656	0.0	-37.5	26	206828
414.728	0.0	adapter	1	207364
414.728	0.0	adapter	1	207364
415.752	0.0	-12.5	24	207876
415.752	0.0	-12.5	24	207876
429.644	0.0	adapter	1	214822
429.644	0.0	adapter	1	214822
430.668	0.0	+37.5_t	10	215334
430.668	0.0	+37.5_t	10	215334
431.736	0.0	adapter	1	215868
431.736	0.0	adapter	1	215868
432.76	0.0	+12.5	22	216380
432.76	0.0	+12.5	22	216380
433.846	0.0	adapter	1	216923
433.846	0.0	adapter	1	216923
434.87	0.0	-12.5	24	217435
434.87	0.0	-12.5	24	217435
435.936	0.0	adapter	1	217968
435.936	0.0	adapter	1	217968
436.962	0.0	-37.5	26	218481
436.962	0.0	-37.5	26	218481
438.048	0.0	adapter	1	219024
438.048	0.0	adapter	1	219024
439.074	0.0	+12.5	22	219537
439.074	0.0	+12.5	22	219537
440.142	0.0	adapter	1	220071
440.142	0.0	adapter	1	220071
441.166	0.0	+37.5	20	220583
441.166	0.0	+37.5	20	220583
442.246	0.0	adapter	1	221123
442.246	0.0	adapter	1	221123
443.27	0.0	-37.5	26	221635
443.27	0.0	-37.5	26	221635
444.338	0.0	adapter	1	222169
444.338	0.0	adapter	1	222169
445.362	0.0	+12.5	22	222681
445.362	0.0	+12.5	22	222681
446.446	0.0	adapter	1	223223
446.446	0.0	adapter	1	223223
447.47	0.0	+37.5	20	223735
447.47	0.0	+37.5	20	223735
448.55	0.0	adapter	1	224275
448.55	0.0	adapter	1	224275
449.574	0.0	-12.5	24	224787
449.574	0.0	-12.5	24	224787
450.644	0.0	adapter	1	225322
450.644	0.0	adapter	1	225322
451.668	0.0	+12.5	22	225834
451.668	0.0	+12.5	22	225834
452.752	0.0	adapter	1	226376
452.752	0.0	adapter	1	226376
453.776	0.0	-37.5	26	226888
453.776	0.0	-37.5	26	226888
454.834	0.0	adapter	1	227417
454.834	0.0	adapter	1	227417
455.858	0.0	+37.5	20	227929
455.858	0.0	+37.5	20	227929
456.924	0.0	adapter	1	228462
456.924	0.0	adapter	1	228462
457.948	0.0	-12.5	24	228974
457.948	0.0	-12.5	24	228974
459.016	0.0	adapter	1	229508
459.016	0.0	adapter	1	229508
460.04	0.0	+37.5	20	230020
460.04	0.0	+37.5	20	230020
461.126	0.0	adapter	1	230563
461.126	0.0	adapter	1	230563
462.15	0.0	-12.5	24	231075
462.15	0.0	-12.5	24	231075
463.242	0.0	adapter	1	231621
463.242	0.0	adapter	1	231621
464.266	0.0	-37.5	26	232133
464.266	0.0	-37.5	26	232133
475.002	0.0	adapter	1	237501
475.002	0.0	adapter	1	237501
476.026	0.0	+12.5_t	12	238013
476.026	0.0	+12.5_t	12	238013
477.096	0.0	adapter	1	238548
477.096	0.0	adapter	1	238548
478.12	0.0	-12.5	24	239060
478.12	0.0	-12.5	24	239060
479.192	0.0	adapter	1	239596
479.192	0.0	adapter	1	239596
480.216	0.0	+12.5	22	240108
480.216	0.0	+12.5	22	240108
481.274	0.0	adapter	1	240637
481.274	0.0	adapter	1	240637
482.298	0.0	+37.5	20	241149
482.298	0.0	+37.5	20	241149
483.372	0.0	adapter	1	241686
483.372	0.0	adapter	1	241686
484.396	0.0	-37.5	26	242198
484.396	0.0	-37.5	26	242198
485.466	0.0	adapter	1	242733
485.466	0.0	adapter	1	242733
486.49	0.0	+12.5	22	243245
486.49	0.0	+12.5	22	243245
487.57	0.0	adapter	1	243785
487.57	0.0	adapter	1	243785
488.594	0.0	-37.5	26	244297
488.594	0.0	-37.5	26	244297
489.662	0.0	adapter	1	244831
489.662	0.0	adapter	1	244831
490.686	0.0	+37.5	20	245343
490.686	0.0	+37.5	20	245343
491.77	0.0	adapter	1	245885
491.77	0.0	adapter	1	245885
492.794	0.0	-12.5	24	246397
492.794	0.0	-12.5	24	246397
493.858	0.0	adapter	1	246929
493.858	0.0	adapter	1	246929
494.882	0.0	-37.5	26	247441
494.882	0.0	-37.5	26	247441
495.954	0.0	adapter	1	247977
495.954	0.0	adapter	1	247977
496.978	0.0	-12.5	24	248489
496.978	0.0	-12.5	24	248489
498.102	0.0	adapter	1	249051
498.102	0.0	adapter	1	249051
499.126	0.0	+12.5	22	249563
499.126	0.0	+12.5	22	249563
500.202	0.0	adapter	1	250101
500.202	0.0	adapter	1	250101
501.226	0.0	+37.5	20	250613
501.226	0.0	+37.5	20	250613
502.314	0.0	adapter	1	251157
502.314	0.0	adapter	1	251157
503.338	0.0	-37.5	26	251669
503.338	0.0	-37.5	26	251669
504.408	0.0	adapter	1	252204
504.408	0.0	adapter	1	252204
505.432	0.0	+37.5	20	252716
505.432	0.0	+37.5	20	252716
506.498	0.0	adapter	1	253249
506.498	0.0	adapter	1	253249
507.522	0.0	-12.5	24	253761
507.522	0.0	-12.5	24	253761
508.594	0.0	adapter	1	254297
508.594	0.0	adapter	1	254297
509.618	0.0	+12.5	22	254809
509.618	0.0	+12.5	22	254809
510.686	0.0	adapter	1	255343
510.686	0.0	adapter	1	255343
511.71	0.0	-12.5	24	255855
511.71	0.0	-12.5	24	255855
512.794	0.0	adapter	1	256397
512.794	0.0	adapter	1	256397
513.818	0.0	-37.5	26	256909
513.818	0.0	-37.5	26	256909
514.886	0.0	adapter	1	257443
514.886	0.0	adapter	1	257443
515.91	0.0	+12.5	22	257955
515.91	0.0	+12.5	22	257955
516.972	0.0	adapter	1	258486
516.972	0.0	adapter	1	258486
517.996	0.0	+37.5	20	258998
517.996	0.0	+37.5	20	258998
527.832	0.0	adapter	1	263916
527.832	0.0	adapter	1	263916
528.856	0.0	+12.5_t	12	264428
528.856	0.0	+12.5_t	12	264428
529.912	0.0	adapter	1	264956
529.912	0.0	adapter	1	264956
530.936	0.0	+37.5	20	265468
530.936	0.0	+37.5	20	265468
532.028	0.0	adapter	1	266014
532.028	0.0	adapter	1	266014
533.052	0.0	-12.5	24	266526
533.052	0.0	-12.5	24	266526
534.118	0.0	adapter	1	267059
534.118	0.0	adapter	1	267059
535.142	0.0	-37.5	26	267571
535.142	0.0	-37.5	26	267571
536.228	0.0	adapter	1	268114
536.228	0.0	adapter	1	268114
537.252	0.0	+12.5	22	268626
537.252	0.0	+12.5	22	268626
538.344	0.0	adapter	1	269172
538.344	0.0	adapter	1	269172
539.368	0.0	+37.5	20	269684
539.368	0.0	+37.5	20	269684
540.476	0.0	adapter	1	270238
540.476	0.0	adapter	1	270238
541.5	0.0	-12.5	24	270750
541.5	0.0	-12.5	24	270750
542.572	0.0	adapter	1	271286
542.572	0.0	adapter	1	271286
543.596	0.0	-37.5	26	271798
543.596	0.0	-37.5	26	271798
544.678	0.0	adapter	1	272339
544.678	0.0	adapter	1	272339
545.702	0.0	-12.5	24	272851
545.702	0.0	-12.5	24	272851
546.778	0.0	adapter	1	273389
546.778	0.0	adapter	1	273389
547.802	0.0	-37.5	26	273901
547.802	0.0	-37.5	26	273901
548.856	0.0	adapter	1	274428
548.856	0.0	adapter	1	274428
549.88	0.0	+12.5	22	274940
549.88	0.0	+12.5	22	274940
550.95	0.0	adapter	1	275475
550.95	0.0	adapter	1	275475
551.974	0.0	+37.5	20	275987
551.974	0.0	+37.5	20	275987
553.064	0.0	adapter	1	276532
553.064	0.0	adapter	1	276532
554.088	0.0	-37.5	26	277044
554.088	0.0	-37.5	26	277044
555.162	0.0	adapter	1	277581
555.162	0.0	adapter	1	277581
556.186	0.0	-12.5	24	278093
556.186	0.0	-12.5	24	278093
557.266	0.0	adapter	1	278633
557.266	0.0	adapter	1	278633
558.29	0.0	+12.5	22	279145
558.29	0.0	+12.5	22	279145
559.364	0.0	adapter	1	279682
559.364	0.0	adapter	1	279682
560.388	0.0	+37.5	20	280194
560.388	0.0	+37.5	20	280194
561.452	0.0	adapter	1	280726
561.452	0.0	adapter	1	280726
562.476	0.0	-37.5	26	281238
562.476	0.0	-37.5	26	281238
563.542	0.0	adapter	1	281771
563.542	0.0	adapter	1	281771
564.566	0.0	+12.5	22	282283
564.566	0.0	+12.5	22	282283
565.652	0.0	adapter	1	282826
565.652	0.0	adapter	1	282826
566.676	0.0	+37.5	20	283338
566.676	0.0	+37.5	20	283338
567.74	0.0	adapter	1	283870
567.74	0.0	adapter	1	283870
568.764	0.0	-12.5	24	284382
568.764	0.0	-12.5	24	284382
575.846	0.0	adapter	1	287923
575.846	0.0	adapter	1	287923
576.87	0.0	-37.5_t	16	288435
576.87	0.0	-37.5_t	16	288435
577.942	0.0	adapter	1	288971
577.942	0.0	adapter	1	288971
578.966	0.0	-12.5	24	289483
578.966	0.0	-12.5	24	289483
580.03	0.0	adapter	1	290015
580.03	0.0	adapter	1	290015
581.054	0.0	+37.5	20	290527
581.054	0.0	+37.5	20	290527
582.136	0.0	adapter	1	291068
582.136	0.0	adapter	1	291068
583.16	0.0	+12.5	22	291580
583.16	0.0	+12.5	22	291580
584.234	0.0	adapter	1	292117
584.234	0.0	adapter	1	292117
585.258	0.0	-12.5	24	292629
585.258	0.0	-12.5	24	292629
586.34	0.0	adapter	1	293170
586.34	0.0	adapter	1	293170
587.364	0.0	-37.5	26	293682
587.364	0.0	-37.5	26	293682
588.436	0.0	adapter	1	294218
588.436	0.0	adapter	1	294218
589.46	0.0	+12.5	22	294730
589.46	0.0	+12.5	22	294730
590.546	0.0	adapter	1	295273
590.546	0.0	adapter	1	295273
591.57	0.0	+37.5	20	295785
591.57	0.0	+37.5	20	295785
592.654	0.0	adapter	1	296327
592.654	0.0	adapter	1	296327
593.678	0.0	+12.5	22	296839
593.678	0.0	+12.5	22	296839
594.746	0.0	adapter	1	297373
594.746	0.0	adapter	1	297373
595.77	0.0	-37.5	26	297885
595.77	0.0	-37.5	26	297885
596.838	0.0	adapter	1	298419
596.838	0.0	adapter	1	298419
597.862	0.0	-12.5	24	298931
597.862	0.0	-12.5	24	298931
598.916	0.0	adapter	1	299458
598.916	0.0	adapter	1	299458
599.94	0.0	+37.5	20	299970
599.94	0.0	+37.5	20	299970
601.002	0.0	adapter	1	300501
601.002	0.0	adapter	1	300501
602.026	0.0	-37.5	26	301013
602.026	0.0	-37.5	26	301013
603.096	0.0	adapter	1	301548
603.096	0.0	adapter	1	301548
604.12	0.0	+37.5	20	302060
604.12	0.0	+37.5	20	302060
605.178	0.0	adapter	1	302589
605.178	0.0	adapter	1	302589
606.202	0.0	-12.5	24	303101
606.202	0.0	-12.5	24	303101
607.27	0.0	adapter	1	303635
607.27	0.0	adapter	1	303635
608.294	0.0	+12.5	22	304147
608.294	0.0	+12.5	22	304147
618.274	0.0	adapter	1	309137
618.274	0.0	adapter	1	309137
619.298	0.0	-12.5	24	309649
619.298	0.0	-12.5	24	309649
620.39	0.0	adapter	1	310195
620.39	0.0	adapter	1	310195
621.414	0.0	+12.5	22	310707
621.414	0.0	+12.5	22	310707
627.216	0.0	adapter	1	313608
627.216	0.0	adapter	1	313608
628.24	0.0	-37.5_t	16	314120
628.24	0.0	-37.5_t	16	314120
629.3	0.0	adapter	1	314650
629.3	0.0	adapter	1	314650
630.324	0.0	+37.5	20	315162
630.324	0.0	+37.5	20	315162
631.386	0.0	adapter	1	315693
631.386	0.0	adapter	1	315693
632.41	0.0	-37.5	26	316205
632.41	0.0	-37.5	26	316205
633.504	0.0	adapter	1	316752
633.504	0.0	adapter	1	316752
634.528	0.0	+12.5	22	317264
634.528	0.0	+12.5	22	317264
635.61	0.0	adapter	1	317805
635.61	0.0	adapter	1	317805
636.634	0.0	-12.5	24	318317
636.634	0.0	-12.5	24	318317
637.712	0.0	adapter	1	318856
637.712	0.0	adapter	1	318856
638.736	0.0	+37.5	20	319368
638.736	0.0	+37.5	20	319368
639.804	0.0	adapter	1	319902
639.804	0.0	adapter	1	319902
640.828	0.0	-37.5	26	320414
640.828	0.0	-37.5	26	320414
641.906	0.0	adapter	1	320953
641.906	0.0	adapter	1	320953
642.93	0.0	+37.5	20	321465
642.93	0.0	+37.5	20	321465
644.004	0.0	adapter	1	322002
644.004	0.0	adapter	1	322002
645.028	0.0	-12.5	24	322514
645.028	0.0	-12.5	24	322514
646.102	0.0	adapter	1	323051
646.102	0.0	adapter	1	323051
647.126	0.0	+12.5	22	323563
647.126	0.0	+12.5	22	323563
648.208	0.0	adapter	1	324104
648.208	0.0	adapter	1	324104
649.232	0.0	+37.5	20	324616
649.232	0.0	+37.5	20	324616
650.288	0.0	adapter	1	325144
650.288	0.0	adapter	1	325144
651.312	0.0	-37.5	26	325656
651.312	0.0	-37.5	26	325656
652.394	0.0	adapter	1	326197
652.394	0.0	adapter	1	326197
653.418	0.0	-12.5	24	326709
653.418	0.0	-12.5	24	326709
654.486	0.0	adapter	1	327243
654.486	0.0	adapter	1	327243
655.51	0.0	+12.5	22	327755
655.51	0.0	+12.5	22	327755
656.596	0.0	adapter	1	328298
656.596	0.0	adapter	1	328298
657.62	0.0	-37.5	26	328810
657.62	0.0	-37.5	26	328810
658.698	0.0	adapter	1	329349
658.698	0.0	adapter	1	329349
659.722	0.0	+37.5	20	329861
659.722	0.0	+37.5	20	329861
660.812	0.0	adapter	1	330406
660.812	0.0	adapter	1	330406
661.836	0.0	-12.5	24	330918
661.836	0.0	-12.5	24	330918
662.906	0.0	adapter	1	331453
662.906	0.0	adapter	1	331453
663.93	0.0	+12.5	22	331965
663.93	0.0	+12.5	22	331965
665.006	0.0	adapter	1	332503
665.006	0.0	adapter	1	332503
666.03	0.0	-37.5	26	333015
666.03	0.0	-37.5	26	333015
667.114	0.0	adapter	1	333557
667.114	0.0	adapter	1	333557
668.138	0.0	+37.5	20	334069
668.138	0.0	+37.5	20	334069
669.242	0.0	adapter	1	334621
669.242	0.0	adapter	1	334621
670.266	0.0	+12.5	22	335133
670.266	0.0	+12.5	22	335133
675.628	0.0	adapter	1	337814
675.628	0.0	adapter	1	337814
676.652	0.0	-12.5_t	14	338326
676.652	0.0	-12.5_t	14	338326
677.726	0.0	adapter	1	338863
677.726	0.0	adapter	1	338863
678.75	0.0	+37.5	20	339375
678.75	0.0	+37.5	20	339375
679.818	0.0	adapter	1	339909
679.818	0.0	adapter	1	339909
680.842	0.0	-37.5	26	340421
680.842	0.0	-37.5	26	340421
681.912	0.0	adapter	1	340956
681.912	0.0	adapter	1	340956
682.936	0.0	-12.5	24	341468
682.936	0.0	-12.5	24	341468
683.996	0.0	adapter	1	341998
683.996	0.0	adapter	1	341998
685.02	0.0	+12.5	22	342510
685.02	0.0	+12.5	22	342510
686.09	0.0	adapter	1	343045
686.09	0.0	adapter	1	343045
687.114	0.0	+37.5	20	343557
687.114	0.0	+37.5	20	343557
688.196	0.0	adapter	1	344098
688.196	0.0	adapter	1	344098
689.22	0.0	+12.5	22	344610
689.22	0.0	+12.5	22	344610
690.296	0.0	adapter	1	345148
690.296	0.0	adapter	1	345148
691.32	0.0	-12.5	24	345660
691.32	0.0	-12.5	24	345660
692.41	0.0	adapter	1	346205
692.41	0.0	adapter	1	346205
693.434	0.0	-37.5	26	346717
693.434	0.0	-37.5	26	346717
694.508	0.0	adapter	1	347254
694.508	0.0	adapter	1	347254
695.532	0.0	+12.5	22	347766
695.532	0.0	+12.5	22	347766
696.6	0.0	adapter	1	348300
696.6	0.0	adapter	1	348300
697.624	0.0	-12.5	24	348812
697.624	0.0	-12.5	24	348812
698.714	0.0	adapter	1	349357
698.714	0.0	adapter	1	349357
699.738	0.0	+37.5	20	349869
699.738	0.0	+37.5	20	349869
700.802	0.0	adapter	1	350401
700.802	0.0	adapter	1	350401
701.826	0.0	-37.5	26	350913
701.826	0.0	-37.5	26	350913
702.902	0.0	adapter	1	351451
702.902	0.0	adapter	1	351451
703.926	0.0	+37.5	20	351963
703.926	0.0	+37.5	20	351963
705.002	0.0	adapter	1	352501
705.002	0.0	adapter	1	352501
706.026	0.0	-12.5	24	353013
706.026	0.0	-12.5	24	353013
707.09	0.0	adapter	1	353545
707.09	0.0	adapter	1	353545
708.114	0.0	-37.5	26	354057
708.114	0.0	-37.5	26	354057
709.2	0.0	adapter	1	354600
709.2	0.0	adapter	1	354600
710.224	0.0	+12.5	22	355112
710.224	0.0	+12.5	22	355112
711.304	0.0	adapter	1	355652
711.304	0.0	adapter	1	355652
712.328	0.0	+37.5	20	356164
712.328	0.0	+37.5	20	356164
713.414	0.0	adapter	1	356707
713.414	0.0	adapter	1	356707
714.438	0.0	+12.5	22	357219
714.438	0.0	+12.5	22	357219
715.538	0.0	adapter	1	357769
715.538	0.0	adapter	1	357769
716.562	0.0	-37.5	26	358281
716.562	0.0	-37.5	26	358281
717.638	0.0	adapter	1	358819
717.638	0.0	adapter	1	358819
718.662	0.0	-12.5	24	359331
718.662	0.0	-12.5	24	359331
719.742	0.0	adapter	1	359871
719.742	0.0	adapter	1	359871
720.766	0.0	+37.5	20	360383
720.766	0.0	+37.5	20	360383
721.848	0.0	adapter	1	360924
721.848	0.0	adapter	1	360924
722.872	0.0	+12.5	22	361436
722.872	0.0	+12.5	22	361436
723.952	0.0	adapter	1	361976
723.952	0.0	adapter	1	361976
724.976	0.0	-12.5	24	362488
724.976	0.0	-12.5	24	362488
726.044	0.0	adapter	1	363022
726.044	0.0	adapter	1	363022
727.068	0.0	-37.5	26	363534
727.068	0.0	-37.5	26	363534
728.13	0.0	adapter	1	364065
728.13	0.0	adapter	1	364065
729.154	0.0	+12.5	22	364577
729.154	0.0	+12.5	22	364577
730.226	0.0	adapter	1	365113
730.226	0.0	adapter	1	365113
731.25	0.0	+37.5	20	365625
731.25	0.0	+37.5	20	365625
732.324	0.0	adapter	1	366162
732.324	0.0	adapter	1	366162
733.348	0.0	-12.5	24	366674
733.348	0.0	-12.5	24	366674
734.428	0.0	adapter	1	367214
734.428	0.0	adapter	1	367214
735.452	0.0	-37.5	26	367726
735.452	0.0	-37.5	26	367726
741.308	0.0	adapter	1	370654
741.308	0.0	adapter	1	370654
742.332	0.0	+37.5_t	10	371166
742.332	0.0	+37.5_t	10	371166
743.414	0.0	adapter	1	371707
743.414	0.0	adapter	1	371707
744.438	0.0	-37.5	26	372219
744.438	0.0	-37.5	26	372219
745.518	0.0	adapter	1	372759
745.518	0.0	adapter	1	372759
746.542	0.0	-12.5	24	373271
746.542	0.0	-12.5	24	373271
749.628	0.0	adapter	1	374814
749.628	0.0	adapter	1	374814
750.652	0.0	+12.5	22	375326
750.652	0.0	+12.5	22	375326
751.708	0.0	adapter	1	375854
751.708	0.0	adapter	1	375854
752.732	0.0	+37.5	20	376366
752.732	0.0	+37.5	20	376366
753.816	0.0	adapter	1	376908
753.816	0.0	adapter	1	376908
754.84	0.0	-12.5	24	377420
754.84	0.0	-12.5	24	377420
755.93	0.0	adapter	1	377965
755.93	0.0	adapter	1	377965
756.954	0.0	-37.5	26	378477
756.954	0.0	-37.5	26	378477
758.02	0.0	adapter	1	379010
758.02	0.0	adapter	1	379010
759.044	0.0	+12.5	22	379522
759.044	0.0	+12.5	22	379522
765.406	0.0	adapter	1	382703
765.406	0.0	adapter	1	382703
766.43	0.0	-12.5	24	383215
766.43	0.0	-12.5	24	383215
767.516	0.0	adapter	1	383758
767.516	0.0	adapter	1	383758
768.54	0.0	-37.5	26	384270
768.54	0.0	-37.5	26	384270
769.624	0.0	adapter	1	384812
769.624	0.0	adapter	1	384812
770.648	0.0	+12.5	22	385324
770.648	0.0	+12.5	22	385324
771.732	0.0	adapter	1	385866
771.732	0.0	adapter	1	385866
772.756	0.0	+37.5	20	386378
772.756	0.0	+37.5	20	386378
773.836	0.0	adapter	1	386918
773.836	0.0	adapter	1	386918
774.86	0.0	-37.5	26	387430
774.86	0.0	-37.5	26	387430
775.942	0.0	adapter	1	387971
775.942	0.0	adapter	1	387971
776.966	0.0	-12.5	24	388483
776.966	0.0	-12.5	24	388483
778.042	0.0	adapter	1	389021
778.042	0.0	adapter	1	389021
779.066	0.0	+12.5	22	389533
779.066	0.0	+12.5	22	389533
780.148	0.0	adapter	1	390074
780.148	0.0	adapter	1	390074
781.172	0.0	+37.5	20	390586
781.172	0.0	+37.5	20	390586
782.49	0.0	adapter	1	391245
782.49	0.0	adapter	1	391245
783.514	0.0	-12.5	24	391757
783.514	0.0	-12.5	24	391757
784.594	0.0	adapter	1	392297
784.594	0.0	adapter	1	392297
785.618	0.0	+12.5	22	392809
785.618	0.0	+12.5	22	392809
786.682	0.0	adapter	1	393341
786.682	0.0	adapter	1	393341
787.706	0.0	-37.5	26	393853
787.706	0.0	-37.5	26	393853
792.904	0.0	adapter	1	396452
792.904	0.0	adapter	1	396452
793.928	0.0	+37.5_t	10	396964
793.928	0.0	+37.5_t	10	396964
795.002	0.0	adapter	1	397501
795.002	0.0	adapter	1	397501
796.026	0.0	-12.5	24	398013
796.026	0.0	-12.5	24	398013
797.106	0.0	adapter	1	398553
797.106	0.0	adapter	1	398553
798.13	0.0	+37.5	20	399065
798.13	0.0	+37.5	20	399065
799.206	0.0	adapter	1	399603
799.206	0.0	adapter	1	399603
800.23	0.0	-37.5	26	400115
800.23	0.0	-37.5	26	400115
801.294	0.0	adapter	1	400647
801.294	0.0	adapter	1	400647
802.318	0.0	+12.5	22	401159
802.318	0.0	+12.5	22	401159
803.4	0.0	adapter	1	401700
803.4	0.0	adapter	1	401700
804.424	0.0	+37.5	20	402212
804.424	0.0	+37.5	20	402212
805.492	0.0	adapter	1	402746
805.492	0.0	adapter	1	402746
806.516	0.0	+12.5	22	403258
806.516	0.0	+12.5	22	403258
807.604	0.0	adapter	1	403802
807.604	0.0	adapter	1	403802
808.628	0.0	-12.5	24	404314
808.628	0.0	-12.5	24	404314
809.708	0.0	adapter	1	404854
809.708	0.0	adapter	1	404854
810.732	0.0	-37.5	26	405366
810.732	0.0	-37.5	26	405366
811.808	0.0	adapter	1	405904
811.808	0.0	adapter	1	405904
812.832	0.0	+37.5	20	406416
812.832	0.0	+37.5	20	406416
813.91	0.0	adapter	1	406955
813.91	0.0	adapter	1	406955
814.934	0.0	+12.5	22	407467
814.934	0.0	+12.5	22	407467
816.006	0.0	adapter	1	408003
816.006	0.0	adapter	1	408003
817.03	0.0	-37.5	26	408515
817.03	0.0	-37.5	26	408515
818.12	0.0	adapter	1	409060
818.12	0.0	adapter	1	409060
819.144	0.0	-12.5	24	409572
819.144	0.0	-12.5	24	409572
820.23	0.0	adapter	1	410115
820.23	0.0	adapter	1	410115
821.254	0.0	+37.5	20	410627
821.254	0.0	+37.5	20	410627
822.342	0.0	adapter	1	411171
822.342	0.0	adapter	1	411171
823.366	0.0	+12.5	22	411683
823.366	0.0	+12.5	22	411683
824.444	0.0	adapter	1	412222
824.444	0.0	adapter	1	412222
825.468	0.0	-12.5	24	412734
825.468	0.0	-12.5	24	412734
826.56	0.0	adapter	1	413280
826.56	0.0	adapter	1	413280
827.584	0.0	-37.5	26	413792
827.584	0.0	-37.5	26	413792
828.664	0.0	adapter	1	414332
828.664	0.0	adapter	1	414332
829.688	0.0	-12.5	24	414844
829.688	0.0	-12.5	24	414844
830.764	0.0	adapter	1	415382
830.764	0.0	adapter	1	415382
831.788	0.0	-37.5	26	415894
831.788	0.0	-37.5	26	415894
832.882	0.0	adapter	1	416441
832.882	0.0	adapter	1	416441
833.906	0.0	+12.5	22	416953
833.906	0.0	+12.5	22	416953
834.98	0.0	adapter	1	417490
834.98	0.0	adapter	1	417490
836.004	0.0	+37.5	20	418002
836.004	0.0	+37.5	20	418002
841.06	0.0	adapter	1	420530
841.06	0.0	adapter	1	420530
842.084	0.0	-37.5_t	16	421042
842.084	0.0	-37.5_t	16	421042
843.164	0.0	adapter	1	421582
843.164	0.0	adapter	1	421582
844.188	0.0	+12.5	22	422094
844.188	0.0	+12.5	22	422094
845.268	0.0	adapter	1	422634
845.268	0.0	adapter	1	422634
846.292	0.0	+37.5	20	423146
846.292	0.0	+37.5	20	423146
847.364	0.0	adapter	1	423682
847.364	0.0	adapter	1	423682
848.388	0.0	-12.5	24	424194
848.388	0.0	-12.5	24	424194
849.452	0.0	adapter	1	424726
849.452	0.0	adapter	1	424726
850.476	0.0	+12.5	22	425238
850.476	0.0	+12.5	22	425238
851.546	0.0	adapter	1	425773
851.546	0.0	adapter	1	425773
852.57	0.0	-37.5	26	426285
852.57	0.0	-37.5	26	426285
853.66	0.0	adapter	1	426830
853.66	0.0	adapter	1	426830
854.684	0.0	-12.5	24	427342
854.684	0.0	-12.5	24	427342
855.764	0.0	adapter	1	427882
855.764	0.0	adapter	1	427882
856.788	0.0	+37.5	20	428394
856.788	0.0	+37.5	20	428394
857.862	0.0	adapter	1	428931
857.862	0.0	adapter	1	428931
858.886	0.0	-37.5	26	429443
858.886	0.0	-37.5	26	429443
859.956	0.0	adapter	1	429978
859.956	0.0	adapter	1	429978
860.98	0.0	-12.5	24	430490
860.98	0.0	-12.5	24	430490
862.062	0.0	adapter	1	431031
862.062	0.0	adapter	1	431031
863.086	0.0	+12.5	22	431543
863.086	0.0	+12.5	22	431543
864.154	0.0	adapter	1	432077
864.154	0.0	adapter	1	432077
865.178	0.0	+37.5	20	432589
865.178	0.0	+37.5	20	432589
866.248	0.0	adapter	1	433124
866.248	0.0	adapter	1	433124
867.272	0.0	-37.5	26	433636
867.272	0.0	-37.5	26	433636
868.348	0.0	adapter	1	434174
868.348	0.0	adapter	1	434174
869.372	0.0	+37.5	20	434686
869.372	0.0	+37.5	20	434686
870.448	0.0	adapter	1	435224
870.448	0.0	adapter	1	435224
871.472	0.0	+12.5	22	435736
871.472	0.0	+12.5	22	435736
872.562	0.0	adapter	1	436281
872.562	0.0	adapter	1	436281
873.586	0.0	-12.5	24	436793
873.586	0.0	-12.5	24	436793
874.68	0.0	adapter	1	437340
874.68	0.0	adapter	1	437340
875.704	0.0	-37.5	26	437852
875.704	0.0	-37.5	26	437852
876.776	0.0	adapter	1	438388
876.776	0.0	adapter	1	438388
877.8	0.0	-12.5	24	438900
877.8	0.0	-12.5	24	438900
878.874	0.0	adapter	1	439437
878.874	0.0	adapter	1	439437
879.898	0.0	+12.5	22	439949
879.898	0.0	+12.5	22	439949
888.194	0.0	adapter	1	444097
888.194	0.0	adapter	1	444097
889.218	0.0	+37.5_t	10	444609
889.218	0.0	+37.5_t	10	444609
890.296	0.0	adapter	1	445148
890.296	0.0	adapter	1	445148
891.32	0.0	-12.5	24	445660
891.32	0.0	-12.5	24	445660
892.39	0.0	adapter	1	446195
892.39	0.0	adapter	1	446195
893.414	0.0	+12.5	22	446707
893.414	0.0	+12.5	22	446707
894.484	0.0	adapter	1	447242
894.484	0.0	adapter	1	447242
895.508	0.0	-37.5	26	447754
895.508	0.0	-37.5	26	447754
896.602	0.0	adapter	1	448301
896.602	0.0	adapter	1	448301
897.626	0.0	+37.5	20	448813
897.626	0.0	+37.5	20	448813
898.702	0.0	adapter	1	449351
898.702	0.0	adapter	1	449351
899.726	0.0	+12.5	22	449863
899.726	0.0	+12.5	22	449863
900.816	0.0	adapter	1	450408
900.816	0.0	adapter	1	450408
901.84	0.0	-12.5	24	450920
901.84	0.0	-12.5	24	450920
902.898	0.0	adapter	1	451449
902.898	0.0	adapter	1	451449
903.922	0.0	+37.5	20	451961
903.922	0.0	+37.5	20	451961
904.962	0.0	adapter	1	452481
904.962	0.0	adapter	1	452481
905.986	0.0	-37.5	26	452993
905.986	0.0	-37.5	26	452993
907.364	0.0	adapter	1	453682
907.364	0.0	adapter	1	453682
908.388	0.0	-12.5	24	454194
908.388	0.0	-12.5	24	454194
910.166	0.0	adapter	1	455083
910.166	0.0	adapter	1	455083
911.19	0.0	+37.5	20	455595
911.19	0.0	+37.5	20	455595
912.268	0.0	adapter	1	456134
912.268	0.0	adapter	1	456134
913.292	0.0	+12.5	22	456646
913.292	0.0	+12.5	22	456646
914.352	0.0	adapter	1	457176
914.352	0.0	adapter	1	457176
915.376	0.0	-37.5	26	457688
915.376	0.0	-37.5	26	457688
921.372	0.0	adapter	1	460686
921.372	0.0	adapter	1	460686
922.396	0.0	+12.5_t	12	461198
922.396	0.0	+12.5_t	12	461198
923.452	0.0	adapter	1	461726
923.452	0.0	adapter	1	461726
924.476	0.0	-12.5	24	462238
924.476	0.0	-12.5	24	462238
925.544	0.0	adapter	1	462772
925.544	0.0	adapter	1	462772
926.568	0.0	+37.5	20	463284
926.568	0.0	+37.5	20	463284
927.646	0.0	adapter	1	463823
927.646	0.0	adapter	1	463823
928.67	0.0	-37.5	26	464335
928.67	0.0	-37.5	26	464335
929.742	0.0	adapter	1	464871
929.742	0.0	adapter	1	464871
930.766	0.0	+37.5	20	465383
930.766	0.0	+37.5	20	465383
931.836	0.0	adapter	1	465918
931.836	0.0	adapter	1	465918
932.86	0.0	-12.5	24	466430
932.86	0.0	-12.5	24	466430
933.928	0.0	adapter	1	466964
933.928	0.0	adapter	1	466964
934.952	0.0	+12.5	22	467476
934.952	0.0	+12.5	22	467476
936.03	0.0	adapter	1	468015
936.03	0.0	adapter	1	468015
937.054	0.0	-37.5	26	468527
937.054	0.0	-37.5	26	468527
938.136	0.0	adapter	1	469068
938.136	0.0	adapter	1	469068
939.16	0.0	+37.5	20	469580
939.16	0.0	+37.5	20	469580
940.23	0.0	adapter	1	470115
940.23	0.0	adapter	1	470115
941.254	0.0	-37.5	26	470627
941.254	0.0	-37.5	26	470627
942.332	0.0	adapter	1	471166
942.332	0.0	adapter	1	471166
943.356	0.0	+12.5	22	471678
943.356	0.0	+12.5	22	471678
944.434	0.0	adapter	1	472217
944.434	0.0	adapter	1	472217
945.458	0.0	-12.5	24	472729
945.458	0.0	-12.5	24	472729
946.528	0.0	adapter	1	473264
946.528	0.0	adapter	1	473264
947.552	0.0	+12.5	22	473776
947.552	0.0	+12.5	22	473776
948.62	0.0	adapter	1	474310
948.62	0.0	adapter	1	474310
949.644	0.0	-12.5	24	474822
949.644	0.0	-12.5	24	474822
950.726	0.0	adapter	1	475363
950.726	0.0	adapter	1	475363
951.75	0.0	+37.5	20	475875
951.75	0.0	+37.5	20	475875
952.822	0.0	adapter	1	476411
952.822	0.0	adapter	1	476411
953.846	0.0	-37.5	26	476923
953.846	0.0	-37.5	26	476923
954.928	0.0	adapter	1	477464
954.928	0.0	adapter	1	477464
955.952	0.0	+37.5	20	477976
955.952	0.0	+37.5	20	477976
957.036	0.0	adapter	1	478518
957.036	0.0	adapter	1	478518
958.06	0.0	-12.5	24	479030
958.06	0.0	-12.5	24	479030
959.14	0.0	adapter	1	479570
959.14	0.0	adapter	1	479570
960.164	0.0	-37.5	26	480082
960.164	0.0	-37.5	26	480082
961.23	0.0	adapter	1	480615
961.23	0.0	adapter	1	480615
962.254	0.0	+12.5	22	481127
962.254	0.0	+12.5	22	481127
963.342	0.0	adapter	1	481671
963.342	0.0	adapter	1	481671
964.366	0.0	+37.5	20	482183
964.366	0.0	+37.5	20	482183
965.43	0.0	adapter	1	482715
965.43	0.0	adapter	1	482715
966.454	0.0	+12.5	22	483227
966.454	0.0	+12.5	22	483227
967.556	0.0	adapter	1	483778
967.556	0.0	adapter	1	483778
968.58	0.0	-37.5	26	484290
968.58	0.0	-37.5	26	484290
969.642	0.0	adapter	1	484821
969.642	0.0	adapter	1	484821
970.666	0.0	-12.5	24	485333
970.666	0.0	-12.5	24	485333
976.702	0.0	adapter	1	488351
976.702	0.0	adapter	1	488351
977.726	0.0	+12.5_t	12	488863
977.726	0.0	+12.5_t	12	488863
978.8	0.0	adapter	1	489400
978.8	0.0	adapter	1	489400
979.824	0.0	-12.5	24	489912
979.824	0.0	-12.5	24	489912
980.894	0.0	adapter	1	490447
980.894	0.0	adapter	1	490447
981.918	0.0	+37.5	20	490959
981.918	0.0	+37.5	20	490959
983.018	0.0	adapter	1	491509
983.018	0.0	adapter	1	491509
984.042	0.0	-37.5	26	492021
984.042	0.0	-37.5	26	492021
985.124	0.0	adapter	1	492562
985.124	0.0	adapter	1	492562
986.148	0.0	+12.5	22	493074
986.148	0.0	+12.5	22	493074
987.232	0.0	adapter	1	493616
987.232	0.0	adapter	1	493616
988.256	0.0	-12.5	24	494128
988.256	0.0	-12.5	24	494128
989.316	0.0	adapter	1	494658
989.316	0.0	adapter	1	494658
990.34	0.0	+37.5	20	495170
990.34	0.0	+37.5	20	495170
991.414	0.0	adapter	1	495707
991.414	0.0	adapter	1	495707
992.438	0.0	-37.5	26	496219
992.438	0.0	-37.5	26	496219
993.538	0.0	adapter	1	496769
993.538	0.0	adapter	1	496769
994.562	0.0	-12.5	24	497281
994.562	0.0	-12.5	24	497281
995.646	0.0	adapter	1	497823
995.646	0.0	adapter	1	497823
996.67	0.0	-37.5	26	498335
996.67	0.0	-37.5	26	498335
997.73	0.0	adapter	1	498865
997.73	0.0	adapter	1	498865
998.754	0.0	+37.5	20	499377
998.754	0.0	+37.5	20	499377
999.824	0.0	adapter	1	499912
999.824	0.0	adapter	1	499912
1000.848	0.0	+12.5	22	500424
1000.848	0.0	+12.5	22	500424
1001.932	0.0	adapter	1	500966
1001.932	0.0	adapter	1	500966
1002.956	0.0	-12.5	24	501478
1002.956	0.0	-12.5	24	501478
1004.014	0.0	adapter	1	502007
1004.014	0.0	adapter	1	502007
1005.038	0.0	-37.5	26	502519
1005.038	0.0	-37.5	26	502519
1006.114	0.0	adapter	1	503057
1006.114	0.0	adapter	1	503057
1007.138	0.0	+37.5	20	503569
1007.138	0.0	+37.5	20	503569
1008.216	0.0	adapter	1	504108
1008.216	0.0	adapter	1	504108
1009.24	0.0	+12.5	22	504620
1009.24	0.0	+12.5	22	504620
1010.322	0.0	adapter	1	505161
1010.322	0.0	adapter	1	505161
1011.346	0.0	-37.5	26	505673
1011.346	0.0	-37.5	26	505673
1012.414	0.0	adapter	1	506207
1012.414	0.0	adapter	1	506207
1013.438	0.0	+37.5	20	506719
1013.438	0.0	+37.5	20	506719
1014.508	0.0	adapter	1	507254
1014.508	0.0	adapter	1	507254
1015.532	0.0	+12.5	22	507766
1015.532	0.0	+12.5	22	507766
1016.616	0.0	adapter	1	508308
1016.616	0.0	adapter	1	508308
1017.64	0.0	-12.5	24	508820
1017.64	0.0	-12.5	24	508820
1018.696	0.0	adapter	1	509348
1018.696	0.0	adapter	1	509348
1019.72	0.0	-37.5	26	509860
1019.72	0.0	-37.5	26	509860
1026.732	0.0	adapter	1	513366
1026.732	0.0	adapter	1	513366
1027.756	0.0	-12.5_t	14	513878
1027.756	0.0	-12.5_t	14	513878
1028.846	0.0	adapter	1	514423
1028.846	0.0	adapter	1	514423
1029.87	0.0	+12.5	22	514935
1029.87	0.0	+12.5	22	514935
1030.942	0.0	adapter	1	515471
1030.942	0.0	adapter	1	515471
1031.966	0.0	+37.5	20	515983
1031.966	0.0	+37.5	20	515983
1033.076	0.0	adapter	1	516538
1033.076	0.0	adapter	1	516538
1034.1	0.0	+12.5	22	517050
1034.1	0.0	+12.5	22	517050
1035.168	0.0	adapter	1	517584
1035.168	0.0	adapter	1	517584
1036.192	0.0	+37.5	20	518096
1036.192	0.0	+37.5	20	518096
1037.302	0.0	adapter	1	518651
1037.302	0.0	adapter	1	518651
1038.326	0.0	-37.5	26	519163
1038.326	0.0	-37.5	26	519163
1039.414	0.0	adapter	1	519707
1039.414	0.0	adapter	1	519707
1040.438	0.0	-12.5	24	520219
1040.438	0.0	-12.5	24	520219
1041.496	0.0	adapter	1	520748
1041.496	0.0	adapter	1	520748
1042.52	0.0	+37.5	20	521260
1042.52	0.0	+37.5	20	521260
1043.616	0.0	adapter	1	521808
1043.616	0.0	adapter	1	521808
1044.64	0.0	-37.5	26	522320
1044.64	0.0	-37.5	26	522320
1045.704	0.0	adapter	1	522852
1045.704	0.0	adapter	1	522852
1046.728	0.0	-12.5	24	523364
1046.728	0.0	-12.5	24	523364
1047.818	0.0	adapter	1	523909
1047.818	0.0	adapter	1	523909
1048.842	0.0	+12.5	22	524421
1048.842	0.0	+12.5	22	524421
1049.904	0.0	adapter	1	524952
1049.904	0.0	adapter	1	524952
1050.928	0.0	-37.5	26	525464
1050.928	0.0	-37.5	26	525464
1052.016	0.0	adapter	1	526008
1052.016	0.0	adapter	1	526008
1053.04	0.0	+37.5	20	526520
1053.04	0.0	+37.5	20	526520
1054.102	0.0	adapter	1	527051
1054.102	0.0	adapter	1	527051
1055.126	0.0	+12.5	22	527563
1055.126	0.0	+12.5	22	527563
1056.208	0.0	adapter	1	528104
1056.208	0.0	adapter	1	528104
1057.232	0.0	-12.5	24	528616
1057.232	0.0	-12.5	24	528616
1058.31	0.0	adapter	1	529155
1058.31	0.0	adapter	1	529155
1059.334	0.0	-37.5	26	529667
1059.334	0.0	-37.5	26	529667
1060.418	0.0	adapter	1	530209
1060.418	0.0	adapter	1	530209
1061.442	0.0	-12.5	24	530721
1061.442	0.0	-12.5	24	530721
1067.11	0.0	adapter	1	533555
1067.11	0.0	adapter	1	533555
1068.134	0.0	+37.5_t	10	534067
1068.134	0.0	+37.5_t	10	534067
1069.226	0.0	adapter	1	534613
1069.226	0.0	adapter	1	534613
1070.25	0.0	+12.5	22	535125
1070.25	0.0	+12.5	22	535125
1071.332	0.0	adapter	1	535666
1071.332	0.0	adapter	1	535666
1072.356	0.0	-12.5	24	536178
1072.356	0.0	-12.5	24	536178
1073.408	0.0	adapter	1	536704
1073.408	0.0	adapter	1	536704
1074.432	0.0	+12.5	22	537216
1074.432	0.0	+12.5	22	537216
1075.516	0.0	adapter	1	537758
1075.516	0.0	adapter	1	537758
1076.54	0.0	+37.5	20	538270
1076.54	0.0	+37.5	20	538270
1077.624	0.0	adapter	1	538812
1077.624	0.0	adapter	1	538812
1078.648	0.0	-37.5	26	539324
1078.648	0.0	-37.5	26	539324
1079.732	0.0	adapter	1	539866
1079.732	0.0	adapter	1	539866
1080.756	0.0	-12.5	24	540378
1080.756	0.0	-12.5	24	540378
1081.852	0.0	adapter	1	540926
1081.852	0.0	adapter	1	540926
1082.876	0.0	+12.5	22	541438
1082.876	0.0	+12.5	22	541438
1083.946	0.0	adapter	1	541973
1083.946	0.0	adapter	1	541973
1084.97	0.0	-37.5	26	542485
1084.97	0.0	-37.5	26	542485
1086.044	0.0	adapter	1	543022
1086.044	0.0	adapter	1	543022
1087.068	0.0	+37.5	20	543534
1087.068	0.0	+37.5	20	543534
1088.152	0.0	adapter	1	544076
1088.152	0.0	adapter	1	544076
1089.176	0.0	-37.5	26	544588
1089.176	0.0	-37.5	26	544588
1090.266	0.0	adapter	1	545133
1090.266	0.0	adapter	1	545133
1091.29	0.0	+37.5	20	545645
1091.29	0.0	+37.5	20	545645
1092.37	0.0	adapter	1	546185
1092.37	0.0	adapter	1	546185
1093.394	0.0	+12.5	22	546697
1093.394	0.0	+12.5	22	546697
1094.466	0.0	adapter	1	547233
1094.466	0.0	adapter	1	547233
1095.49	0.0	-12.5	24	547745
1095.49	0.0	-12.5	24	547745
1096.562	0.0	adapter	1	548281
1096.562	0.0	adapter	1	548281
1097.586	0.0	-37.5	26	548793
1097.586	0.0	-37.5	26	548793
1098.672	0.0	adapter	1	549336
1098.672	0.0	adapter	1	549336
1099.696	0.0	-12.5	24	549848
1099.696	0.0	-12.5	24	549848
1100.778	0.0	adapter	1	550389
1100.778	0.0	adapter	1	550389
1101.802	0.0	+12.5	22	550901
1101.802	0.0	+12.5	22	550901
1102.88	0.0	adapter	1	551440
1102.88	0.0	adapter	1	551440
1103.904	0.0	+37.5	20	551952
1103.904	0.0	+37.5	20	551952
1104.964	0.0	adapter	1	552482
1104.964	0.0	adapter	1	552482
1105.988	0.0	+12.5	22	552994
1105.988	0.0	+12.5	22	552994
1107.062	0.0	adapter	1	553531
1107.062	0.0	adapter	1	553531
1108.086	0.0	+37.5	20	554043
1108.086	0.0	+37.5	20	554043
1114.184	0.0	adapter	1	557092
1114.184	0.0	adapter	1	557092
1115.208	0.0	-12.5_t	14	557604
1115.208	0.0	-12.5_t	14	557604
1116.26	0.0	adapter	1	558130
1116.26	0.0	adapter	1	558130
1117.284	0.0	-37.5	26	558642
1117.284	0.0	-37.5	26	558642
1118.35	0.0	adapter	1	559175
1118.35	0.0	adapter	1	559175
1119.374	0.0	-12.5	24	559687
1119.374	0.0	-12.5	24	559687
1120.45	0.0	adapter	1	560225
1120.45	0.0	adapter	1	560225
1121.474	0.0	-37.5	26	560737
1121.474	0.0	-37.5	26	560737
1122.54	0.0	adapter	1	561270
1122.54	0.0	adapter	1	561270
1123.564	0.0	+12.5	22	561782
1123.564	0.0	+12.5	22	561782
1124.652	0.0	adapter	1	562326
1124.652	0.0	adapter	1	562326
1125.676	0.0	+37.5	20	562838
1125.676	0.0	+37.5	20	562838
1126.758	0.0	adapter	1	563379
1126.758	0.0	adapter	1	563379
1127.782	0.0	-37.5	26	563891
1127.782	0.0	-37.5	26	563891
1128.85	0.0	adapter	1	564425
1128.85	0.0	adapter	1	564425
1129.874	0.0	+12.5	22	564937
1129.874	0.0	+12.5	22	564937
1130.95	0.0	adapter	1	565475
1130.95	0.0	adapter	1	565475
1131.974	0.0	+37.5	20	565987
1131.974	0.0	+37.5	20	565987
1133.056	0.0	adapter	1	566528
1133.056	0.0	adapter	1	566528
1134.08	0.0	-12.5	24	567040
1134.08	0.0	-12.5	24	567040
1135.152	0.0	adapter	1	567576
1135.152	0.0	adapter	1	567576
1136.176	0.0	+12.5	22	568088
1136.176	0.0	+12.5	22	568088
1137.264	0.0	adapter	1	568632
1137.264	0.0	adapter	1	568632
1138.288	0.0	-12.5	24	569144
1138.288	0.0	-12.5	24	569144
1139.336	0.0	adapter	1	569668
1139.336	0.0	adapter	1	569668
1140.36	0.0	-37.5	26	570180
1140.36	0.0	-37.5	26	570180
1141.44	0.0	adapter	1	570720
1141.44	0.0	adapter	1	570720
1142.464	0.0	+37.5	20	571232
1142.464	0.0	+37.5	20	571232
1143.548	0.0	adapter	1	571774
1143.548	0.0	adapter	1	571774
1144.572	0.0	-37.5	26	572286
1144.572	0.0	-37.5	26	572286
1145.664	0.0	adapter	1	572832
1145.664	0.0	adapter	1	572832
1146.688	0.0	+37.5	20	573344
1146.688	0.0	+37.5	20	573344
1147.762	0.0	adapter	1	573881
1147.762	0.0	adapter	1	573881
1148.786	0.0	+12.5	22	574393
1148.786	0.0	+12.5	22	574393
1149.874	0.0	adapter	1	574937
1149.874	0.0	adapter	1	574937
1150.898	0.0	-12.5	24	575449
1150.898	0.0	-12.5	24	575449
1151.98	0.0	adapter	1	575990
1151.98	0.0	adapter	1	575990
1153.004	0.0	+37.5	20	576502
1153.004	0.0	+37.5	20	576502
1154.082	0.0	adapter	1	577041
1154.082	0.0	adapter	1	577041
1155.106	0.0	+12.5	22	577553
1155.106	0.0	+12.5	22	577553
1163.438	0.0	adapter	1	581719
1163.438	0.0	adapter	1	581719
1164.462	0.0	-37.5_t	16	582231
1164.462	0.0	-37.5_t	16	582231
1165.526	0.0	adapter	1	582763
1165.526	0.0	adapter	1	582763
1166.55	0.0	-12.5	24	583275
1166.55	0.0	-12.5	24	583275
1167.632	0.0	adapter	1	583816
1167.632	0.0	adapter	1	583816
1168.656	0.0	+12.5	22	584328
1168.656	0.0	+12.5	22	584328
1169.726	0.0	adapter	1	584863
1169.726	0.0	adapter	1	584863
1170.75	0.0	+37.5	20	585375
1170.75	0.0	+37.5	20	585375
1171.822	0.0	adapter	1	585911
1171.822	0.0	adapter	1	585911
1172.846	0.0	-12.5	24	586423
1172.846	0.0	-12.5	24	586423
1173.932	0.0	adapter	1	586966
1173.932	0.0	adapter	1	586966
1174.956	0.0	-37.5	26	587478
1174.956	0.0	-37.5	26	587478
1176.02	0.0	adapter	1	588010
1176.02	0.0	adapter	1	588010
1177.044	0.0	+12.5	22	588522
1177.044	0.0	+12.5	22	588522
1178.134	0.0	adapter	1	589067
1178.134	0.0	adapter	1	589067
1179.158	0.0	-37.5	26	589579
1179.158	0.0	-37.5	26	589579
1180.228	0.0	adapter	1	590114
1180.228	0.0	adapter	1	590114
1181.252	0.0	-12.5	24	590626
1181.252	0.0	-12.5	24	590626
1182.332	0.0	adapter	1	591166
1182.332	0.0	adapter	1	591166
1183.356	0.0	+37.5	20	591678
1183.356	0.0	+37.5	20	591678
1184.416	0.0	adapter	1	592208
1184.416	0.0	adapter	1	592208
1185.44	0.0	+12.5	22	592720
1185.44	0.0	+12.5	22	592720
1186.508	0.0	adapter	1	593254
1186.508	0.0	adapter	1	593254
1187.532	0.0	+37.5	20	593766
1187.532	0.0	+37.5	20	593766
1188.616	0.0	adapter	1	594308
1188.616	0.0	adapter	1	594308
1189.64	0.0	-12.5	24	594820
1189.64	0.0	-12.5	24	594820
1190.712	0.0	adapter	1	595356
1190.712	0.0	adapter	1	595356
1191.736	0.0	-37.5	26	595868
1191.736	0.0	-37.5	26	595868
1196.342	0.0	adapter	1	598171
1196.342	0.0	adapter	1	598171
1197.366	0.0	+37.5	20	598683
1197.366	0.0	+37.5	20	598683
1198.44	0.0	adapter	1	599220
1198.44	0.0	adapter	1	599220
1199.464	0.0	+12.5	22	599732
1199.464	0.0	+12.5	22	599732
1200.552	0.0	adapter	1	600276
1200.552	0.0	adapter	1	600276
1201.578	0.0	-37.5	26	600789
1201.578	0.0	-37.5	26	600789
1202.648	0.0	adapter	1	601324
1202.648	0.0	adapter	1	601324
1203.672	0.0	-12.5	24	601836
1203.672	0.0	-12.5	24	601836
1204.75	0.0	adapter	1	602375
1204.75	0.0	adapter	1	602375
1205.774	0.0	-37.5	26	602887
1205.774	0.0	-37.5	26	602887
1206.844	0.0	adapter	1	603422
1206.844	0.0	adapter	1	603422
1207.87	0.0	+37.5	20	603935
1207.87	0.0	+37.5	20	603935
1217.282	0.0	adapter	1	608641
1217.282	0.0	adapter	1	608641
1218.306	0.0	+12.5_t	12	609153
1218.306	0.0	+12.5_t	12	609153
1219.388	0.0	adapter	1	609694
1219.388	0.0	adapter	1	609694
1220.412	0.0	-12.5	24	610206
1220.412	0.0	-12.5	24	610206
1221.482	0.0	adapter	1	610741
1221.482	0.0	adapter	1	610741
1222.506	0.0	+37.5	20	611253
1222.506	0.0	+37.5	20	611253
1223.588	0.0	adapter	1	611794
1223.588	0.0	adapter	1	611794
1224.612	0.0	-37.5	26	612306
1224.612	0.0	-37.5	26	612306
1225.686	0.0	adapter	1	612843
1225.686	0.0	adapter	1	612843
1226.71	0.0	-12.5	24	613355
1226.71	0.0	-12.5	24	613355
1227.79	0.0	adapter	1	613895
1227.79	0.0	adapter	1	613895
1228.814	0.0	+12.5	22	614407
1228.814	0.0	+12.5	22	614407
1229.894	0.0	adapter	1	614947
1229.894	0.0	adapter	1	614947
1230.918	0.0	-12.5	24	615459
1230.918	0.0	-12.5	24	615459
1231.988	0.0	adapter	1	615994
1231.988	0.0	adapter	1	615994
1233.012	0.0	-37.5	26	616506
1233.012	0.0	-37.5	26	616506
1234.074	0.0	adapter	1	617037
1234.074	0.0	adapter	1	617037
1235.098	0.0	+12.5	22	617549
1235.098	0.0	+12.5	22	617549
1236.168	0.0	adapter	1	618084
1236.168	0.0	adapter	1	618084
1237.192	0.0	+37.5	20	618596
1237.192	0.0	+37.5	20	618596
1238.264	0.0	adapter	1	619132
1238.264	0.0	adapter	1	619132
1239.29	0.0	-12.5	24	619645
1239.29	0.0	-12.5	24	619645
1240.37	0.0	adapter	1	620185
1240.37	0.0	adapter	1	620185
1241.394	0.0	-37.5	26	620697
1241.394	0.0	-37.5	26	620697
1242.468	0.0	adapter	1	621234
1242.468	0.0	adapter	1	621234
1243.492	0.0	+37.5	20	621746
1243.492	0.0	+37.5	20	621746
1244.59	0.0	adapter	1	622295
1244.59	0.0	adapter	1	622295
1245.614	0.0	+12.5	22	622807
1245.614	0.0	+12.5	22	622807
1246.676	0.0	adapter	1	623338
1246.676	0.0	adapter	1	623338
1247.7	0.0	-12.5	24	623850
1247.7	0.0	-12.5	24	623850
1248.764	0.0	adapter	1	624382
1248.764	0.0	adapter	1	624382
1249.788	0.0	-37.5	26	624894
1249.788	0.0	-37.5	26	624894
1250.864	0.0	adapter	1	625432
1250.864	0.0	adapter	1	625432
1251.888	0.0	+12.5	22	625944
1251.888	0.0	+12.5	22	625944
1252.974	0.0	adapter	1	626487
1252.974	0.0	adapter	1	626487
1253.998	0.0	+37.5	20	626999
1253.998	0.0	+37.5	20	626999
1255.148	0.0	adapter	1	627574
1255.148	0.0	adapter	1	627574
1256.172	0.0	-12.5	24	628086
1256.172	0.0	-12.5	24	628086
1257.236	0.0	adapter	1	628618
1257.236	0.0	adapter	1	628618
1258.26	0.0	-37.5	26	629130
1258.26	0.0	-37.5	26	629130
1259.938	0.0	adapter	1	629969
1259.938	0.0	adapter	1	629969
1260.962	0.0	+12.5	22	630481
1260.962	0.0	+12.5	22	630481
1262.758	0.0	adapter	1	631379
1262.758	0.0	adapter	1	631379
1263.782	0.0	+37.5	20	631891
1263.782	0.0	+37.5	20	631891
1264.824	0.0	adapter	1	632412
1264.824	0.0	adapter	1	632412
1265.848	0.0	+12.5	22	632924
1265.848	0.0	+12.5	22	632924
1266.922	0.0	adapter	1	633461
1266.922	0.0	adapter	1	633461
1267.946	0.0	+37.5	20	633973
1267.946	0.0	+37.5	20	633973
1269.014	0.0	adapter	1	634507
1269.014	0.0	adapter	1	634507
1270.038	0.0	-37.5	26	635019
1270.038	0.0	-37.5	26	635019
1278.43	0.0	adapter	1	639215
1278.43	0.0	adapter	1	639215
1279.454	0.0	-12.5_t	14	639727
1279.454	0.0	-12.5_t	14	639727
1280.554	0.0	adapter	1	640277
1280.554	0.0	adapter	1	640277
1281.578	0.0	-37.5	26	640789
1281.578	0.0	-37.5	26	640789
1282.64	0.0	adapter	1	641320
1282.64	0.0	adapter	1	641320
1283.664	0.0	-12.5	24	641832
1283.664	0.0	-12.5	24	641832
1284.716	0.0	adapter	1	642358
1284.716	0.0	adapter	1	642358
1285.74	0.0	+37.5	20	642870
1285.74	0.0	+37.5	20	642870
1286.83	0.0	adapter	1	643415
1286.83	0.0	adapter	1	643415
1287.854	0.0	+12.5	22	643927
1287.854	0.0	+12.5	22	643927
1288.92	0.0	adapter	1	644460
1288.92	0.0	adapter	1	644460
1289.944	0.0	+37.5	20	644972
1289.944	0.0	+37.5	20	644972
1291.032	0.0	adapter	1	645516
1291.032	0.0	adapter	1	645516
1292.056	0.0	-37.5	26	646028
1292.056	0.0	-37.5	26	646028
1293.116	0.0	adapter	1	646558
1293.116	0.0	adapter	1	646558
1294.14	0.0	-12.5	24	647070
1294.14	0.0	-12.5	24	647070
1295.216	0.0	adapter	1	647608
1295.216	0.0	adapter	1	647608
1296.24	0.0	+12.5	22	648120
1296.24	0.0	+12.5	22	648120
1297.292	0.0	adapter	1	648646
1297.292	0.0	adapter	1	648646
1298.316	0.0	-12.5	24	649158
1298.316	0.0	-12.5	24	649158
1299.402	0.0	adapter	1	649701
1299.402	0.0	adapter	1	649701
1300.426	0.0	+12.5	22	650213
1300.426	0.0	+12.5	22	650213
1301.492	0.0	adapter	1	650746
1301.492	0.0	adapter	1	650746
1302.516	0.0	-37.5	26	651258
1302.516	0.0	-37.5	26	651258
1303.578	0.0	adapter	1	651789
1303.578	0.0	adapter	1	651789
1304.602	0.0	+37.5	20	652301
1304.602	0.0	+37.5	20	652301
1305.682	0.0	adapter	1	652841
1305.682	0.0	adapter	1	652841
1306.706	0.0	+12.5	22	653353
1306.706	0.0	+12.5	22	653353
1307.772	0.0	adapter	1	653886
1307.772	0.0	adapter	1	653886
1308.796	0.0	-37.5	26	654398
1308.796	0.0	-37.5	26	654398
1309.878	0.0	adapter	1	654939
1309.878	0.0	adapter	1	654939
1310.902	0.0	+37.5	20	655451
1310.902	0.0	+37.5	20	655451
1320.318	0.0	adapter	1	660159
1320.318	0.0	adapter	1	660159
1321.342	0.0	-12.5_t	14	660671
1321.342	0.0	-12.5_t	14	660671
1322.4	0.0	adapter	1	661200
1322.4	0.0	adapter	1	661200
1323.424	0.0	-37.5	26	661712
1323.424	0.0	-37.5	26	661712
1324.504	0.0	adapter	1	662252
1324.504	0.0	adapter	1	662252
1325.528	0.0	-12.5	24	662764
1325.528	0.0	-12.5	24	662764
1326.59	0.0	adapter	1	663295
1326.59	0.0	adapter	1	663295
1327.614	0.0	+37.5	20	663807
1327.614	0.0	+37.5	20	663807
1328.688	0.0	adapter	1	664344
1328.688	0.0	adapter	1	664344
1329.712	0.0	+12.5	22	664856
1329.712	0.0	+12.5	22	664856
1330.792	0.0	adapter	1	665396
1330.792	0.0	adapter	1	665396
1331.816	0.0	-12.5	24	665908
1331.816	0.0	-12.5	24	665908
1332.9	0.0	adapter	1	666450
1332.9	0.0	adapter	1	666450
1333.924	0.0	-37.5	26	666962
1333.924	0.0	-37.5	26	666962
1334.998	0.0	adapter	1	667499
1334.998	0.0	adapter	1	667499
1336.022	0.0	+37.5	20	668011
1336.022	0.0	+37.5	20	668011
1337.09	0.0	adapter	1	668545
1337.09	0.0	adapter	1	668545
1338.114	0.0	+12.5	22	669057
1338.114	0.0	+12.5	22	669057
1339.172	0.0	adapter	1	669586
1339.172	0.0	adapter	1	669586
1340.196	0.0	+37.5	20	670098
1340.196	0.0	+37.5	20	670098
1341.278	0.0	adapter	1	670639
1341.278	0.0	adapter	1	670639
1342.302	0.0	+12.5	22	671151
1342.302	0.0	+12.5	22	671151
1343.376	0.0	adapter	1	671688
1343.376	0.0	adapter	1	671688
1344.4	0.0	-37.5	26	672200
1344.4	0.0	-37.5	26	672200
1345.476	0.0	adapter	1	672738
1345.476	0.0	adapter	1	672738
1346.5	0.0	-12.5	24	673250
1346.5	0.0	-12.5	24	673250
1347.578	0.0	adapter	1	673789
1347.578	0.0	adapter	1	673789
1348.602	0.0	+12.5	22	674301
1348.602	0.0	+12.5	22	674301
1349.68	0.0	adapter	1	674840
1349.68	0.0	adapter	1	674840
1350.704	0.0	+37.5	20	675352
1350.704	0.0	+37.5	20	675352
1351.79	0.0	adapter	1	675895
1351.79	0.0	adapter	1	675895
1352.814	0.0	-12.5	24	676407
1352.814	0.0	-12.5	24	676407
1358.382	0.0	adapter	1	679191
1358.382	0.0	adapter	1	679191
1359.406	0.0	-37.5_t	16	679703
1359.406	0.0	-37.5_t	16	679703
1360.484	0.0	adapter	1	680242
1360.484	0.0	adapter	1	680242
1361.508	0.0	+37.5	20	680754
1361.508	0.0	+37.5	20	680754
1362.594	0.0	adapter	1	681297
1362.594	0.0	adapter	1	681297
1363.618	0.0	-12.5	24	681809
1363.618	0.0	-12.5	24	681809
1364.678	0.0	adapter	1	682339
1364.678	0.0	adapter	1	682339
1365.702	0.0	-37.5	26	682851
1365.702	0.0	-37.5	26	682851
1366.792	0.0	adapter	1	683396
1366.792	0.0	adapter	1	683396
1367.816	0.0	+12.5	22	683908
1367.816	0.0	+12.5	22	683908
1368.91	0.0	adapter	1	684455
1368.91	0.0	adapter	1	684455
1369.934	0.0	+37.5	20	684967
1369.934	0.0	+37.5	20	684967
1370.996	0.0	adapter	1	685498
1370.996	0.0	adapter	1	685498
1372.02	0.0	+12.5	22	686010
1372.02	0.0	+12.5	22	686010
1373.094	0.0	adapter	1	686547
1373.094	0.0	adapter	1	686547
1374.118	0.0	-37.5	26	687059
1374.118	0.0	-37.5	26	687059
1375.192	0.0	adapter	1	687596
1375.192	0.0	adapter	1	687596
1376.216	0.0	-12.5	24	688108
1376.216	0.0	-12.5	24	688108
1377.296	0.0	adapter	1	688648
1377.296	0.0	adapter	1	688648
1378.32	0.0	+12.5	22	689160
1378.32	0.0	+12.5	22	689160
1379.392	0.0	adapter	1	689696
1379.392	0.0	adapter	1	689696
1380.416	0.0	-37.5	26	690208
1380.416	0.0	-37.5	26	690208
1381.498	0.0	adapter	1	690749
1381.498	0.0	adapter	1	690749
1382.522	0.0	-12.5	24	691261
1382.522	0.0	-12.5	24	691261
1383.59	0.0	adapter	1	691795
1383.59	0.0	adapter	1	691795
1384.614	0.0	+37.5	20	692307
1384.614	0.0	+37.5	20	692307
1385.686	0.0	adapter	1	692843
1385.686	0.0	adapter	1	692843
1386.71	0.0	+12.5	22	693355
1386.71	0.0	+12.5	22	693355
1387.792	0.0	adapter	1	693896
1387.792	0.0	adapter	1	693896
1388.816	0.0	+37.5	20	694408
1388.816	0.0	+37.5	20	694408
1389.856	0.0	adapter	1	694928
1389.856	0.0	adapter	1	694928
1390.88	0.0	-37.5	26	695440
1390.88	0.0	-37.5	26	695440
1391.93	0.0	adapter	1	695965
1391.93	0.0	adapter	1	695965
1392.954	0.0	-12.5	24	696477
1392.954	0.0	-12.5	24	696477
1394.03	0.0	adapter	1	697015
1394.03	0.0	adapter	1	697015
1395.054	0.0	+37.5	20	697527
1395.054	0.0	+37.5	20	697527
1396.128	0.0	adapter	1	698064
1396.128	0.0	adapter	1	698064
1397.152	0.0	-12.5	24	698576
1397.152	0.0	-12.5	24	698576
1405.762	0.0	adapter	1	702881
1405.762	0.0	adapter	1	702881
1406.786	0.0	-37.5_t	16	703393
1406.786	0.0	-37.5_t	16	703393
1407.872	0.0	adapter	1	703936
1407.872	0.0	adapter	1	703936
1408.896	0.0	+12.5	22	704448
1408.896	0.0	+12.5	22	704448
1409.992	0.0	adapter	1	704996
1409.992	0.0	adapter	1	704996
1411.016	0.0	+37.5	20	705508
1411.016	0.0	+37.5	20	705508
1412.086	0.0	adapter	1	706043
1412.086	0.0	adapter	1	706043
1413.11	0.0	+12.5	22	706555
1413.11	0.0	+12.5	22	706555
1414.194	0.0	adapter	1	707097
1414.194	0.0	adapter	1	707097
1415.218	0.0	-37.5	26	707609
1415.218	0.0	-37.5	26	707609
1416.292	0.0	adapter	1	708146
1416.292	0.0	adapter	1	708146
1417.316	0.0	-12.5	24	708658
1417.316	0.0	-12.5	24	708658
1418.376	0.0	adapter	1	709188
1418.376	0.0	adapter	1	709188
1419.4	0.0	+37.5	20	709700
1419.4	0.0	+37.5	20	709700
1420.482	0.0	adapter	1	710241
1420.482	0.0	adapter	1	710241
1421.506	0.0	+12.5	22	710753
1421.506	0.0	+12.5	22	710753
1422.578	0.0	adapter	1	711289
1422.578	0.0	adapter	1	711289
1423.602	0.0	-12.5	24	711801
1423.602	0.0	-12.5	24	711801
1424.658	0.0	adapter	1	712329
1424.658	0.0	adapter	1	712329
1425.682	0.0	-37.5	26	712841
1425.682	0.0	-37.5	26	712841
1426.758	0.0	adapter	1	713379
1426.758	0.0	adapter	1	713379
1427.782	0.0	+12.5	22	713891
1427.782	0.0	+12.5	22	713891
1428.86	0.0	adapter	1	714430
1428.86	0.0	adapter	1	714430
1429.884	0.0	-12.5	24	714942
1429.884	0.0	-12.5	24	714942
1430.978	0.0	adapter	1	715489
1430.978	0.0	adapter	1	715489
1432.002	0.0	+37.5	20	716001
1432.002	0.0	+37.5	20	716001
1433.084	0.0	adapter	1	716542
1433.084	0.0	adapter	1	716542
1434.108	0.0	-37.5	26	717054
1434.108	0.0	-37.5	26	717054
1435.214	0.0	adapter	1	717607
1435.214	0.0	adapter	1	717607
1436.238	0.0	+12.5	22	718119
1436.238	0.0	+12.5	22	718119
1437.304	0.0	adapter	1	718652
1437.304	0.0	adapter	1	718652
1438.328	0.0	-37.5	26	719164
1438.328	0.0	-37.5	26	719164
1439.41	0.0	adapter	1	719705
1439.41	0.0	adapter	1	719705
1440.434	0.0	-12.5	24	720217
1440.434	0.0	-12.5	24	720217
1441.5	0.0	adapter	1	720750
1441.5	0.0	adapter	1	720750
1442.524	0.0	+37.5	20	721262
1442.524	0.0	+37.5	20	721262
1443.596	0.0	adapter	1	721798
1443.596	0.0	adapter	1	721798
1444.62	0.0	+12.5	22	722310
1444.62	0.0	+12.5	22	722310
1445.696	0.0	adapter	1	722848
1445.696	0.0	adapter	1	722848
1446.72	0.0	+37.5	20	723360
1446.72	0.0	+37.5	20	723360
1447.8	0.0	adapter	1	723900
1447.8	0.0	adapter	1	723900
1448.824	0.0	-37.5	26	724412
1448.824	0.0	-37.5	26	724412
1449.9	0.0	adapter	1	724950
1449.9	0.0	adapter	1	724950
1450.924	0.0	-12.5	24	725462
1450.924	0.0	-12.5	24	725462
1451.976	0.0	adapter	1	725988
1451.976	0.0	adapter	1	725988
1453.0	0.0	-37.5	26	726500
1453.0	0.0	-37.5	26	726500
1454.036	0.0	adapter	1	727018
1454.036	0.0	adapter	1	727018
1455.06	0.0	-12.5	24	727530
1455.06	0.0	-12.5	24	727530
1456.14	0.0	adapter	1	728070
1456.14	0.0	adapter	1	728070
1457.166	0.0	+12.5	22	728583
1457.166	0.0	+12.5	22	728583
1458.234	0.0	adapter	1	729117
1458.234	0.0	adapter	1	729117
1459.258	0.0	+37.5	20	729629
1459.258	0.0	+37.5	20	729629
1460.346	0.0	adapter	1	730173
1460.346	0.0	adapter	1	730173
1461.37	0.0	-12.5	24	730685
1461.37	0.0	-12.5	24	730685
1462.45	0.0	adapter	1	731225
1462.45	0.0	adapter	1	731225
1463.474	0.0	+12.5	22	731737
1463.474	0.0	+12.5	22	731737
1464.562	0.0	adapter	1	732281
1464.562	0.0	adapter	1	732281
1465.586	0.0	+37.5	20	732793
1465.586	0.0	+37.5	20	732793
1474.758	0.0	adapter	1	737379
1474.758	0.0	adapter	1	737379
1475.782	0.0	-37.5_t	16	737891
1475.782	0.0	-37.5_t	16	737891
1476.824	0.0	adapter	1	738412
1476.824	0.0	adapter	1	738412
1477.848	0.0	+12.5	22	738924
1477.848	0.0	+12.5	22	738924
1478.922	0.0	adapter	1	739461
1478.922	0.0	adapter	1	739461
1479.946	0.0	-12.5	24	739973
1479.946	0.0	-12.5	24	739973
1481.018	0.0	adapter	1	740509
1481.018	0.0	adapter	1	740509
1482.042	0.0	-37.5	26	741021
1482.042	0.0	-37.5	26	741021
1483.09	0.0	adapter	1	741545
1483.09	0.0	adapter	1	741545
1484.114	0.0	+37.5	20	742057
1484.114	0.0	+37.5	20	742057
1485.156	0.0	adapter	1	742578
1485.156	0.0	adapter	1	742578
1486.18	0.0	-37.5	26	743090
1486.18	0.0	-37.5	26	743090
1487.282	0.0	adapter	1	743641
1487.282	0.0	adapter	1	743641
1488.306	0.0	-12.5	24	744153
1488.306	0.0	-12.5	24	744153
1489.368	0.0	adapter	1	744684
1489.368	0.0	adapter	1	744684
1490.392	0.0	+12.5	22	745196
1490.392	0.0	+12.5	22	745196
1491.49	0.0	adapter	1	745745
1491.49	0.0	adapter	1	745745
1492.514	0.0	+37.5	20	746257
1492.514	0.0	+37.5	20	746257
1493.55	0.0	adapter	1	746775
1493.55	0.0	adapter	1	746775
1494.574	0.0	+12.5	22	747287
1494.574	0.0	+12.5	22	747287
1495.644	0.0	adapter	1	747822
1495.644	0.0	adapter	1	747822
1496.668	0.0	-37.5	26	748334
1496.668	0.0	-37.5	26	748334
1497.734	0.0	adapter	1	748867
1497.734	0.0	adapter	1	748867
1498.758	0.0	+37.5	20	749379
1498.758	0.0	+37.5	20	749379
1506.606	0.0	adapter	1	753303
1506.606	0.0	adapter	1	753303
1507.63	0.0	-12.5_t	14	753815
1507.63	0.0	-12.5_t	14	753815
1508.694	0.0	adapter	1	754347
1508.694	0.0	adapter	1	754347
1509.718	0.0	-37.5	26	754859
1509.718	0.0	-37.5	26	754859
1510.786	0.0	adapter	1	755393
1510.786	0.0	adapter	1	755393
1511.81	0.0	-12.5	24	755905
1511.81	0.0	-12.5	24	755905
1512.874	0.0	adapter	1	756437
1512.874	0.0	adapter	1	756437
1513.898	0.0	+37.5	20	756949
1513.898	0.0	+37.5	20	756949
1514.964	0.0	adapter	1	757482
1514.964	0.0	adapter	1	757482
1515.988	0.0	+12.5	22	757994
1515.988	0.0	+12.5	22	757994
1517.066	0.0	adapter	1	758533
1517.066	0.0	adapter	1	758533
1518.09	0.0	+37.5	20	759045
1518.09	0.0	+37.5	20	759045
1519.172	0.0	adapter	1	759586
1519.172	0.0	adapter	1	759586
1520.196	0.0	-37.5	26	760098
1520.196	0.0	-37.5	26	760098
1521.264	0.0	adapter	1	760632
1521.264	0.0	adapter	1	760632
1522.288	0.0	-12.5	24	761144
1522.288	0.0	-12.5	24	761144
1523.362	0.0	adapter	1	761681
1523.362	0.0	adapter	1	761681
1524.386	0.0	+12.5	22	762193
1524.386	0.0	+12.5	22	762193
1525.456	0.0	adapter	1	762728
1525.456	0.0	adapter	1	762728
1526.48	0.0	-12.5	24	763240
1526.48	0.0	-12.5	24	763240
1527.566	0.0	adapter	1	763783
1527.566	0.0	adapter	1	763783
1528.59	0.0	+12.5	22	764295
1528.59	0.0	+12.5	22	764295
1529.674	0.0	adapter	1	764837
1529.674	0.0	adapter	1	764837
1530.698	0.0	-37.5	26	765349
1530.698	0.0	-37.5	26	765349
1531.772	0.0	adapter	1	765886
1531.772	0.0	adapter	1	765886
1532.796	0.0	+37.5	20	766398
1532.796	0.0	+37.5	20	766398
1533.856	0.0	adapter	1	766928
1533.856	0.0	adapter	1	766928
1534.88	0.0	+12.5	22	767440
1534.88	0.0	+12.5	22	767440
1535.948	0.0	adapter	1	767974
1535.948	0.0	adapter	1	767974
1536.972	0.0	-12.5	24	768486
1536.972	0.0	-12.5	24	768486
1538.04	0.0	adapter	1	769020
1538.04	0.0	adapter	1	769020
1539.064	0.0	-37.5	26	769532
1539.064	0.0	-37.5	26	769532
1540.106	0.0	adapter	1	770053
1540.106	0.0	adapter	1	770053
1541.13	0.0	+37.5	20	770565
1541.13	0.0	+37.5	20	770565
1542.202	0.0	adapter	1	771101
1542.202	0.0	adapter	1	771101
1543.226	0.0	-37.5	26	771613
1543.226	0.0	-37.5	26	771613
1544.274	0.0	adapter	1	772137
1544.274	0.0	adapter	1	772137
1545.298	0.0	-12.5	24	772649
1545.298	0.0	-12.5	24	772649
1546.416	0.0	adapter	1	773208
1546.416	0.0	adapter	1	773208
1547.44	0.0	+37.5	20	773720
1547.44	0.0	+37.5	20	773720
1548.518	0.0	adapter	1	774259
1548.518	0.0	adapter	1	774259
1549.542	0.0	+12.5	22	774771
1549.542	0.0	+12.5	22	774771
1550.638	0.0	adapter	1	775319
1550.638	0.0	adapter	1	775319
1551.662	0.0	-37.5	26	775831
1551.662	0.0	-37.5	26	775831
1560.642	0.0	adapter	1	780321
1560.642	0.0	adapter	1	780321
1561.668	0.0	+12.5_t	12	780834
1561.668	0.0	+12.5_t	12	780834
1562.75	0.0	adapter	1	781375
1562.75	0.0	adapter	1	781375
1563.774	0.0	-12.5	24	781887
1563.774	0.0	-12.5	24	781887
1564.796	0.0	adapter	1	782398
1564.796	0.0	adapter	1	782398
1565.82	0.0	+37.5	20	782910
1565.82	0.0	+37.5	20	782910
1566.864	0.0	adapter	1	783432
1566.864	0.0	adapter	1	783432
1567.888	0.0	-12.5	24	783944
1567.888	0.0	-12.5	24	783944
1568.946	0.0	adapter	1	784473
1568.946	0.0	adapter	1	784473
1569.97	0.0	+12.5	22	784985
1569.97	0.0	+12.5	22	784985
1571.034	0.0	adapter	1	785517
1571.034	0.0	adapter	1	785517
1572.058	0.0	+37.5	20	786029
1572.058	0.0	+37.5	20	786029
1573.1	0.0	adapter	1	786550
1573.1	0.0	adapter	1	786550
1574.124	0.0	-37.5	26	787062
1574.124	0.0	-37.5	26	787062
1575.18	0.0	adapter	1	787590
1575.18	0.0	adapter	1	787590
1576.204	0.0	+37.5	20	788102
1576.204	0.0	+37.5	20	788102
1577.276	0.0	adapter	1	788638
1577.276	0.0	adapter	1	788638
1578.3	0.0	+12.5	22	789150
1578.3	0.0	+12.5	22	789150
1579.384	0.0	adapter	1	789692
1579.384	0.0	adapter	1	789692
1580.408	0.0	-12.5	24	790204
1580.408	0.0	-12.5	24	790204
1581.492	0.0	adapter	1	790746
1581.492	0.0	adapter	1	790746
1582.516	0.0	-37.5	26	791258
1582.516	0.0	-37.5	26	791258
1583.61	0.0	adapter	1	791805
1583.61	0.0	adapter	1	791805
1584.634	0.0	-12.5	24	792317
1584.634	0.0	-12.5	24	792317
1585.688	0.0	adapter	1	792844
1585.688	0.0	adapter	1	792844
1586.712	0.0	-37.5	26	793356
1586.712	0.0	-37.5	26	793356
1587.818	0.0	adapter	1	793909
1587.818	0.0	adapter	1	793909
1588.842	0.0	+12.5	22	794421
1588.842	0.0	+12.5	22	794421
1589.9	0.0	adapter	1	794950
1589.9	0.0	adapter	1	794950
1590.924	0.0	+37.5	20	795462
1590.924	0.0	+37.5	20	795462
1591.988	0.0	adapter	1	795994
1591.988	0.0	adapter	1	795994
1593.012	0.0	-37.5	26	796506
1593.012	0.0	-37.5	26	796506
1594.084	0.0	adapter	1	797042
1594.084	0.0	adapter	1	797042
1595.108	0.0	+37.5	20	797554
1595.108	0.0	+37.5	20	797554
1596.196	0.0	adapter	1	798098
1596.196	0.0	adapter	1	798098
1597.22	0.0	+12.5	22	798610
1597.22	0.0	+12.5	22	798610
1598.298	0.0	adapter	1	799149
1598.298	0.0	adapter	1	799149
1599.322	0.0	-12.5	24	799661
1599.322	0.0	-12.5	24	799661
1600.388	0.0	adapter	1	800194
1600.388	0.0	adapter	1	800194
1601.414	0.0	-37.5	26	800707
1601.414	0.0	-37.5	26	800707
1602.514	0.0	adapter	1	801257
1602.514	0.0	adapter	1	801257
1603.538	0.0	-12.5	24	801769
1603.538	0.0	-12.5	24	801769
1604.608	0.0	adapter	1	802304
1604.608	0.0	adapter	1	802304
1605.632	0.0	+37.5	20	802816
1605.632	0.0	+37.5	20	802816
1617.908	0.0	adapter	1	808954
1617.908	0.0	adapter	1	808954
1618.932	0.0	+12.5_t	12	809466
1618.932	0.0	+12.5_t	12	809466
1620.02	0.0	adapter	1	810010
1620.02	0.0	adapter	1	810010
1621.044	0.0	+37.5	20	810522
1621.044	0.0	+37.5	20	810522
1622.108	0.0	adapter	1	811054
1622.108	0.0	adapter	1	811054
1623.132	0.0	-12.5	24	811566
1623.132	0.0	-12.5	24	811566
1624.198	0.0	adapter	1	812099
1624.198	0.0	adapter	1	812099
1625.222	0.0	+12.5	22	812611
1625.222	0.0	+12.5	22	812611
1626.302	0.0	adapter	1	813151
1626.302	0.0	adapter	1	813151
1627.326	0.0	-37.5	26	813663
1627.326	0.0	-37.5	26	813663
1628.376	0.0	adapter	1	814188
1628.376	0.0	adapter	1	814188
1629.4	0.0	+12.5	22	814700
1629.4	0.0	+12.5	22	814700
1630.472	0.0	adapter	1	815236
1630.472	0.0	adapter	1	815236
1631.498	0.0	-12.5	24	815749
1631.498	0.0	-12.5	24	815749
1632.59	0.0	adapter	1	816295
1632.59	0.0	adapter	1	816295
1633.614	0.0	+37.5	20	816807
1633.614	0.0	+37.5	20	816807
1634.678	0.0	adapter	1	817339
1634.678	0.0	adapter	1	817339
1635.702	0.0	-37.5	26	817851
1635.702	0.0	-37.5	26	817851
1636.79	0.0	adapter	1	818395
1636.79	0.0	adapter	1	818395
1637.814	0.0	+37.5	20	818907
1637.814	0.0	+37.5	20	818907
1638.888	0.0	adapter	1	819444
1638.888	0.0	adapter	1	819444
1639.912	0.0	+12.5	22	819956
1639.912	0.0	+12.5	22	819956
1641.02	0.0	adapter	1	820510
1641.02	0.0	adapter	1	820510
1642.044	0.0	-37.5	26	821022
1642.044	0.0	-37.5	26	821022
1643.118	0.0	adapter	1	821559
1643.118	0.0	adapter	1	821559
1644.142	0.0	-12.5	24	822071
1644.142	0.0	-12.5	24	822071
1645.216	0.0	adapter	1	822608
1645.216	0.0	adapter	1	822608
1646.24	0.0	+37.5	20	823120
1646.24	0.0	+37.5	20	823120
1647.35	0.0	adapter	1	823675
1647.35	0.0	adapter	1	823675
1648.374	0.0	+12.5	22	824187
1648.374	0.0	+12.5	22	824187
1649.438	0.0	adapter	1	824719
1649.438	0.0	adapter	1	824719
1650.462	0.0	-12.5	24	825231
1650.462	0.0	-12.5	24	825231
1656.128	0.0	adapter	1	828064
1656.128	0.0	adapter	1	828064
1657.152	0.0	-37.5_t	16	828576
1657.152	0.0	-37.5_t	16	828576
1658.224	0.0	adapter	1	829112
1658.224	0.0	adapter	1	829112
1659.248	0.0	+37.5	20	829624
1659.248	0.0	+37.5	20	829624
1660.328	0.0	adapter	1	830164
1660.328	0.0	adapter	1	830164
1661.352	0.0	-37.5	26	830676
1661.352	0.0	-37.5	26	830676
1662.422	0.0	adapter	1	831211
1662.422	0.0	adapter	1	831211
1663.446	0.0	+12.5	22	831723
1663.446	0.0	+12.5	22	831723
1664.544	0.0	adapter	1	832272
1664.544	0.0	adapter	1	832272
1665.568	0.0	-12.5	24	832784
1665.568	0.0	-12.5	24	832784
1666.638	0.0	adapter	1	833319
1666.638	0.0	adapter	1	833319
1667.662	0.0	+12.5	22	833831
1667.662	0.0	+12.5	22	833831
1668.736	0.0	adapter	1	834368
1668.736	0.0	adapter	1	834368
1669.76	0.0	+37.5	20	834880
1669.76	0.0	+37.5	20	834880
1670.848	0.0	adapter	1	835424
1670.848	0.0	adapter	1	835424
1671.872	0.0	-37.5	26	835936
1671.872	0.0	-37.5	26	835936
1672.94	0.0	adapter	1	836470
1672.94	0.0	adapter	1	836470
1673.964	0.0	-12.5	24	836982
1673.964	0.0	-12.5	24	836982
1675.058	0.0	adapter	1	837529
1675.058	0.0	adapter	1	837529
1676.082	0.0	+37.5	20	838041
1676.082	0.0	+37.5	20	838041
1677.132	0.0	adapter	1	838566
1677.132	0.0	adapter	1	838566
1678.156	0.0	+12.5	22	839078
1678.156	0.0	+12.5	22	839078
1679.218	0.0	adapter	1	839609
1679.218	0.0	adapter	1	839609
1680.242	0.0	-12.5	24	840121
1680.242	0.0	-12.5	24	840121
1681.33	0.0	adapter	1	840665
1681.33	0.0	adapter	1	840665
1682.354	0.0	-37.5	26	841177
1682.354	0.0	-37.5	26	841177
1683.422	0.0	adapter	1	841711
1683.422	0.0	adapter	1	841711
1684.446	0.0	+12.5	22	842223
1684.446	0.0	+12.5	22	842223
1685.512	0.0	adapter	1	842756
1685.512	0.0	adapter	1	842756
1686.536	0.0	+37.5	20	843268
1686.536	0.0	+37.5	20	843268
1687.624	0.0	adapter	1	843812
1687.624	0.0	adapter	1	843812
1688.648	0.0	-12.5	24	844324
1688.648	0.0	-12.5	24	844324
1689.72	0.0	adapter	1	844860
1689.72	0.0	adapter	1	844860
1690.744	0.0	-37.5	26	845372
1690.744	0.0	-37.5	26	845372
1691.83	0.0	adapter	1	845915
1691.83	0.0	adapter	1	845915
1692.854	0.0	+37.5	20	846427
1692.854	0.0	+37.5	20	846427
1693.922	0.0	adapter	1	846961
1693.922	0.0	adapter	1	846961
1694.948	0.0	-12.5	24	847474
1694.948	0.0	-12.5	24	847474
1702.486	0.0	adapter	1	851243
1702.486	0.0	adapter	1	851243
1703.51	0.0	+12.5_t	12	851755
1703.51	0.0	+12.5_t	12	851755
1704.586	0.0	adapter	1	852293
1704.586	0.0	adapter	1	852293
1705.61	0.0	-37.5	26	852805
1705.61	0.0	-37.5	26	852805
1706.656	0.0	adapter	1	853328
1706.656	0.0	adapter	1	853328
1707.68	0.0	-12.5	24	853840
1707.68	0.0	-12.5	24	853840
1708.768	0.0	adapter	1	854384
1708.768	0.0	adapter	1	854384
1709.792	0.0	+37.5	20	854896
1709.792	0.0	+37.5	20	854896
1710.882	0.0	adapter	1	855441
1710.882	0.0	adapter	1	855441
1711.906	0.0	-37.5	26	855953
1711.906	0.0	-37.5	26	855953
1712.982	0.0	adapter	1	856491
1712.982	0.0	adapter	1	856491
1714.006	0.0	+12.5	22	857003
1714.006	0.0	+12.5	22	857003
1715.09	0.0	adapter	1	857545
1715.09	0.0	adapter	1	857545
1716.114	0.0	-37.5	26	858057
1716.114	0.0	-37.5	26	858057
1717.206	0.0	adapter	1	858603
1717.206	0.0	adapter	1	858603
1718.23	0.0	-12.5	24	859115
1718.23	0.0	-12.5	24	859115
1719.29	0.0	adapter	1	859645
1719.29	0.0	adapter	1	859645
1720.314	0.0	+37.5	20	860157
1720.314	0.0	+37.5	20	860157
1721.406	0.0	adapter	1	860703
1721.406	0.0	adapter	1	860703
1722.43	0.0	+12.5	22	861215
1722.43	0.0	+12.5	22	861215
1723.508	0.0	adapter	1	861754
1723.508	0.0	adapter	1	861754
1724.532	0.0	+37.5	20	862266
1724.532	0.0	+37.5	20	862266
1725.6	0.0	adapter	1	862800
1725.6	0.0	adapter	1	862800
1726.624	0.0	-12.5	24	863312
1726.624	0.0	-12.5	24	863312
1727.684	0.0	adapter	1	863842
1727.684	0.0	adapter	1	863842
1728.708	0.0	+12.5	22	864354
1728.708	0.0	+12.5	22	864354
1729.79	0.0	adapter	1	864895
1729.79	0.0	adapter	1	864895
1730.814	0.0	-37.5	26	865407
1730.814	0.0	-37.5	26	865407
1731.846	0.0	adapter	1	865923
1731.846	0.0	adapter	1	865923
1732.87	0.0	+12.5	22	866435
1732.87	0.0	+12.5	22	866435
1733.946	0.0	adapter	1	866973
1733.946	0.0	adapter	1	866973
1734.97	0.0	-37.5	26	867485
1734.97	0.0	-37.5	26	867485
1736.076	0.0	adapter	1	868038
1736.076	0.0	adapter	1	868038
1737.1	0.0	+37.5	20	868550
1737.1	0.0	+37.5	20	868550
1738.444	0.0	adapter	1	869222
1738.444	0.0	adapter	1	869222
1739.468	0.0	-12.5	24	869734
1739.468	0.0	-12.5	24	869734
1740.538	0.0	adapter	1	870269
1740.538	0.0	adapter	1	870269
1741.562	0.0	+37.5	20	870781
1741.562	0.0	+37.5	20	870781
1742.632	0.0	adapter	1	871316
1742.632	0.0	adapter	1	871316
1743.656	0.0	+12.5	22	871828
1743.656	0.0	+12.5	22	871828
1744.726	0.0	adapter	1	872363
1744.726	0.0	adapter	1	872363
1745.75	0.0	-12.5	24	872875
1745.75	0.0	-12.5	24	872875
1746.836	0.0	adapter	1	873418
1746.836	0.0	adapter	1	873418
1747.86	0.0	-37.5	26	873930
1747.86	0.0	-37.5	26	873930
1748.944	0.0	adapter	1	874472
1748.944	0.0	adapter	1	874472
1749.968	0.0	+12.5	22	874984
1749.968	0.0	+12.5	22	874984
1751.034	0.0	adapter	1	875517
1751.034	0.0	adapter	1	875517
1752.058	0.0	+37.5	20	876029
1752.058	0.0	+37.5	20	876029
1753.122	0.0	adapter	1	876561
1753.122	0.0	adapter	1	876561
1754.146	0.0	-12.5	24	877073
1754.146	0.0	-12.5	24	877073
1764.18	0.0	adapter	1	882090
1764.18	0.0	adapter	1	882090
1765.204	0.0	-37.5_t	16	882602
1765.204	0.0	-37.5_t	16	882602
1766.282	0.0	adapter	1	883141
1766.282	0.0	adapter	1	883141
1767.306	0.0	-12.5	24	883653
1767.306	0.0	-12.5	24	883653
1768.384	0.0	adapter	1	884192
1768.384	0.0	adapter	1	884192
1769.408	0.0	+12.5	22	884704
1769.408	0.0	+12.5	22	884704
1770.478	0.0	adapter	1	885239
1770.478	0.0	adapter	1	885239
1771.502	0.0	+37.5	20	885751
1771.502	0.0	+37.5	20	885751
1772.576	0.0	adapter	1	886288
1772.576	0.0	adapter	1	886288
1773.6	0.0	-37.5	26	886800
1773.6	0.0	-37.5	26	886800
1774.67	0.0	adapter	1	887335
1774.67	0.0	adapter	1	887335
1775.694	0.0	+37.5	20	887847
1775.694	0.0	+37.5	20	887847
1776.76	0.0	adapter	1	888380
1776.76	0.0	adapter	1	888380
1777.784	0.0	-12.5	24	888892
1777.784	0.0	-12.5	24	888892
1778.84	0.0	adapter	1	889420
1778.84	0.0	adapter	1	889420
1779.864	0.0	-37.5	26	889932
1779.864	0.0	-37.5	26	889932
1780.936	0.0	adapter	1	890468
1780.936	0.0	adapter	1	890468
1781.96	0.0	+12.5	22	890980
1781.96	0.0	+12.5	22	890980
1783.032	0.0	adapter	1	891516
1783.032	0.0	adapter	1	891516
1784.056	0.0	-37.5	26	892028
1784.056	0.0	-37.5	26	892028
1785.14	0.0	adapter	1	892570
1785.14	0.0	adapter	1	892570
1786.164	0.0	+37.5	20	893082
1786.164	0.0	+37.5	20	893082
1787.244	0.0	adapter	1	893622
1787.244	0.0	adapter	1	893622
1788.268	0.0	+12.5	22	894134
1788.268	0.0	+12.5	22	894134
1789.384	0.0	adapter	1	894692
1789.384	0.0	adapter	1	894692
1790.408	0.0	-12.5	24	895204
1790.408	0.0	-12.5	24	895204
1794.398	0.0	adapter	1	897199
1794.398	0.0	adapter	1	897199
1795.422	0.0	-37.5	26	897711
1795.422	0.0	-37.5	26	897711
1796.496	0.0	adapter	1	898248
1796.496	0.0	adapter	1	898248
1797.52	0.0	-12.5	24	898760
1797.52	0.0	-12.5	24	898760
1798.58	0.0	adapter	1	899290
1798.58	0.0	adapter	1	899290
1799.604	0.0	+37.5	20	899802
1799.604	0.0	+37.5	20	899802
1806.19	0.0	adapter	1	903095
1806.19	0.0	adapter	1	903095
1807.214	0.0	+12.5_t	12	903607
1807.214	0.0	+12.5_t	12	903607
1808.284	0.0	adapter	1	904142
1808.284	0.0	adapter	1	904142
1809.308	0.0	-12.5	24	904654
1809.308	0.0	-12.5	24	904654
1810.406	0.0	adapter	1	905203
1810.406	0.0	adapter	1	905203
1811.43	0.0	+12.5	22	905715
1811.43	0.0	+12.5	22	905715
1812.482	0.0	adapter	1	906241
1812.482	0.0	adapter	1	906241
1813.506	0.0	-37.5	26	906753
1813.506	0.0	-37.5	26	906753
1814.59	0.0	adapter	1	907295
1814.59	0.0	adapter	1	907295
1815.614	0.0	+37.5	20	907807
1815.614	0.0	+37.5	20	907807
1816.688	0.0	adapter	1	908344
1816.688	0.0	adapter	1	908344
1817.712	0.0	+12.5	22	908856
1817.712	0.0	+12.5	22	908856
1818.782	0.0	adapter	1	909391
1818.782	0.0	adapter	1	909391
1819.806	0.0	-37.5	26	909903
1819.806	0.0	-37.5	26	909903
1820.88	0.0	adapter	1	910440
1820.88	0.0	adapter	1	910440
1821.904	0.0	-12.5	24	910952
1821.904	0.0	-12.5	24	910952
1822.994	0.0	adapter	1	911497
1822.994	0.0	adapter	1	911497
1824.018	0.0	+37.5	20	912009
1824.018	0.0	+37.5	20	912009
1825.098	0.0	adapter	1	912549
1825.098	0.0	adapter	1	912549
1826.124	0.0	-37.5	26	913062
1826.124	0.0	-37.5	26	913062
1827.192	0.0	adapter	1	913596
1827.192	0.0	adapter	1	913596
1828.216	0.0	+12.5	22	914108
1828.216	0.0	+12.5	22	914108
1829.276	0.0	adapter	1	914638
1829.276	0.0	adapter	1	914638
1830.3	0.0	+37.5	20	915150
1830.3	0.0	+37.5	20	915150
1831.37	0.0	adapter	1	915685
1831.37	0.0	adapter	1	915685
1832.394	0.0	-12.5	24	916197
1832.394	0.0	-12.5	24	916197
1833.474	0.0	adapter	1	916737
1833.474	0.0	adapter	1	916737
1834.498	0.0	-37.5	26	917249
1834.498	0.0	-37.5	26	917249
1835.57	0.0	adapter	1	917785
1835.57	0.0	adapter	1	917785
1836.594	0.0	+37.5	20	918297
1836.594	0.0	+37.5	20	918297
1837.652	0.0	adapter	1	918826
1837.652	0.0	adapter	1	918826
1838.676	0.0	-12.5	24	919338
1838.676	0.0	-12.5	24	919338
1839.758	0.0	adapter	1	919879
1839.758	0.0	adapter	1	919879
1840.782	0.0	+12.5	22	920391
1840.782	0.0	+12.5	22	920391
1841.854	0.0	adapter	1	920927
1841.854	0.0	adapter	1	920927
1842.878	0.0	+37.5	20	921439
1842.878	0.0	+37.5	20	921439
1843.954	0.0	adapter	1	921977
1843.954	0.0	adapter	1	921977
1844.978	0.0	-37.5	26	922489
1844.978	0.0	-37.5	26	922489
1846.066	0.0	adapter	1	923033
1846.066	0.0	adapter	1	923033
1847.09	0.0	-12.5	24	923545
1847.09	0.0	-12.5	24	923545
1848.176	0.0	adapter	1	924088
1848.176	0.0	adapter	1	924088
1849.2	0.0	+12.5	22	924600
1849.2	0.0	+12.5	22	924600
1850.276	0.0	adapter	1	925138
1850.276	0.0	adapter	1	925138
1851.3	0.0	-12.5	24	925650
1851.3	0.0	-12.5	24	925650
1852.382	0.0	adapter	1	926191
1852.382	0.0	adapter	1	926191
1853.406	0.0	+12.5	22	926703
1853.406	0.0	+12.5	22	926703
1854.486	0.0	adapter	1	927243
1854.486	0.0	adapter	1	927243
1855.51	0.0	-37.5	26	927755
1855.51	0.0	-37.5	26	927755
1859.738	0.0	adapter	1	929869
1859.738	0.0	adapter	1	929869
1860.762	0.0	+37.5_t	10	930381
1860.762	0.0	+37.5_t	10	930381
1861.854	0.0	adapter	1	930927
1861.854	0.0	adapter	1	930927
1862.878	0.0	+12.5	22	931439
1862.878	0.0	+12.5	22	931439
1863.962	0.0	adapter	1	931981
1863.962	0.0	adapter	1	931981
1864.986	0.0	-37.5	26	932493
1864.986	0.0	-37.5	26	932493
1866.078	0.0	adapter	1	933039
1866.078	0.0	adapter	1	933039
1867.102	0.0	+37.5	20	933551
1867.102	0.0	+37.5	20	933551
1868.188	0.0	adapter	1	934094
1868.188	0.0	adapter	1	934094
1869.212	0.0	-12.5	24	934606
1869.212	0.0	-12.5	24	934606
1870.276	0.0	adapter	1	935138
1870.276	0.0	adapter	1	935138
1871.3	0.0	+12.5	22	935650
1871.3	0.0	+12.5	22	935650
1872.378	0.0	adapter	1	936189
1872.378	0.0	adapter	1	936189
1873.402	0.0	-37.5	26	936701
1873.402	0.0	-37.5	26	936701
1874.468	0.0	adapter	1	937234
1874.468	0.0	adapter	1	937234
1875.492	0.0	+37.5	20	937746
1875.492	0.0	+37.5	20	937746
1876.548	0.0	adapter	1	938274
1876.548	0.0	adapter	1	938274
1877.572	0.0	-12.5	24	938786
1877.572	0.0	-12.5	24	938786
1878.644	0.0	adapter	1	939322
1878.644	0.0	adapter	1	939322
1879.668	0.0	+12.5	22	939834
1879.668	0.0	+12.5	22	939834
1880.76	0.0	adapter	1	940380
1880.76	0.0	adapter	1	940380
1881.784	0.0	-37.5	26	940892
1881.784	0.0	-37.5	26	940892
1882.866	0.0	adapter	1	941433
1882.866	0.0	adapter	1	941433
1883.89	0.0	-12.5	24	941945
1883.89	0.0	-12.5	24	941945
1884.962	0.0	adapter	1	942481
1884.962	0.0	adapter	1	942481
1885.986	0.0	+37.5	20	942993
1885.986	0.0	+37.5	20	942993
1887.052	0.0	adapter	1	943526
1887.052	0.0	adapter	1	943526
1888.076	0.0	-37.5	26	944038
1888.076	0.0	-37.5	26	944038
1889.16	0.0	adapter	1	944580
1889.16	0.0	adapter	1	944580
1890.184	0.0	+37.5	20	945092
1890.184	0.0	+37.5	20	945092
1891.286	0.0	adapter	1	945643
1891.286	0.0	adapter	1	945643
1892.31	0.0	-12.5	24	946155
1892.31	0.0	-12.5	24	946155
1893.392	0.0	adapter	1	946696
1893.392	0.0	adapter	1	946696
1894.416	0.0	+12.5	22	947208
1894.416	0.0	+12.5	22	947208
1895.492	0.0	adapter	1	947746
1895.492	0.0	adapter	1	947746
1896.516	0.0	-12.5	24	948258
1896.516	0.0	-12.5	24	948258
1897.57	0.0	adapter	1	948785
1897.57	0.0	adapter	1	948785
1898.594	0.0	-37.5	26	949297
1898.594	0.0	-37.5	26	949297
1899.668	0.0	adapter	1	949834
1899.668	0.0	adapter	1	949834
1900.692	0.0	+12.5	22	950346
1900.692	0.0	+12.5	22	950346
1901.772	0.0	adapter	1	950886
1901.772	0.0	adapter	1	950886
1902.796	0.0	+37.5	20	951398
1902.796	0.0	+37.5	20	951398
1903.868	0.0	adapter	1	951934
1903.868	0.0	adapter	1	951934
1904.892	0.0	-12.5	24	952446
1904.892	0.0	-12.5	24	952446
1911.378	0.0	adapter	1	955689
1911.378	0.0	adapter	1	955689
1912.402	0.0	-37.5_t	16	956201
1912.402	0.0	-37.5_t	16	956201
1913.464	0.0	adapter	1	956732
1913.464	0.0	adapter	1	956732
1914.488	0.0	+37.5	20	957244
1914.488	0.0	+37.5	20	957244
1915.574	0.0	adapter	1	957787
1915.574	0.0	adapter	1	957787
1916.598	0.0	+12.5	22	958299
1916.598	0.0	+12.5	22	958299
1917.68	0.0	adapter	1	958840
1917.68	0.0	adapter	1	958840
1918.704	0.0	-37.5	26	959352
1918.704	0.0	-37.5	26	959352
1919.786	0.0	adapter	1	959893
1919.786	0.0	adapter	1	959893
1920.81	0.0	+12.5	22	960405
1920.81	0.0	+12.5	22	960405
1921.854	0.0	adapter	1	960927
1921.854	0.0	adapter	1	960927
1922.878	0.0	+37.5	20	961439
1922.878	0.0	+37.5	20	961439
1923.944	0.0	adapter	1	961972
1923.944	0.0	adapter	1	961972
1924.968	0.0	-12.5	24	962484
1924.968	0.0	-12.5	24	962484
1926.056	0.0	adapter	1	963028
1926.056	0.0	adapter	1	963028
1927.08	0.0	+12.5	22	963540
1927.08	0.0	+12.5	22	963540
1928.162	0.0	adapter	1	964081
1928.162	0.0	adapter	1	964081
1929.186	0.0	+37.5	20	964593
1929.186	0.0	+37.5	20	964593
1930.268	0.0	adapter	1	965134
1930.268	0.0	adapter	1	965134
1931.292	0.0	-12.5	24	965646
1931.292	0.0	-12.5	24	965646
1932.384	0.0	adapter	1	966192
1932.384	0.0	adapter	1	966192
1933.408	0.0	-37.5	26	966704
1933.408	0.0	-37.5	26	966704
1934.474	0.0	adapter	1	967237
1934.474	0.0	adapter	1	967237
1935.498	0.0	+37.5	20	967749
1935.498	0.0	+37.5	20	967749
1936.578	0.0	adapter	1	968289
1936.578	0.0	adapter	1	968289
1937.602	0.0	-12.5	24	968801
1937.602	0.0	-12.5	24	968801
1938.674	0.0	adapter	1	969337
1938.674	0.0	adapter	1	969337
1939.698	0.0	-37.5	26	969849
1939.698	0.0	-37.5	26	969849
1940.776	0.0	adapter	1	970388
1940.776	0.0	adapter	1	970388
1941.8	0.0	+12.5	22	970900
1941.8	0.0	+12.5	22	970900
1942.87	0.0	adapter	1	971435
1942.87	0.0	adapter	1	971435
1943.894	0.0	+37.5	20	971947
1943.894	0.0	+37.5	20	971947
1944.962	0.0	adapter	1	972481
1944.962	0.0	adapter	1	972481
1945.986	0.0	-12.5	24	972993
1945.986	0.0	-12.5	24	972993
1947.06	0.0	adapter	1	973530
1947.06	0.0	adapter	1	973530
1948.084	0.0	+12.5	22	974042
1948.084	0.0	+12.5	22	974042
1949.162	0.0	adapter	1	974581
1949.162	0.0	adapter	1	974581
1950.186	0.0	-37.5	26	975093
1950.186	0.0	-37.5	26	975093
1951.278	0.0	adapter	1	975639
1951.278	0.0	adapter	1	975639
1952.302	0.0	+12.5	22	976151
1952.302	0.0	+12.5	22	976151
1953.378	0.0	adapter	1	976689
1953.378	0.0	adapter	1	976689
1954.402	0.0	-12.5	24	977201
1954.402	0.0	-12.5	24	977201
1959.258	0.0	adapter	1	979629
1959.258	0.0	adapter	1	979629
1960.284	0.0	-37.5_t	16	980142
1960.284	0.0	-37.5_t	16	980142
1961.348	0.0	adapter	1	980674
1961.348	0.0	adapter	1	980674
1962.372	0.0	+37.5	20	981186
1962.372	0.0	+37.5	20	981186
1963.458	0.0	adapter	1	981729
1963.458	0.0	adapter	1	981729
1964.482	0.0	+12.5	22	982241
1964.482	0.0	+12.5	22	982241
1965.55	0.0	adapter	1	982775
1965.55	0.0	adapter	1	982775
1966.574	0.0	-37.5	26	983287
1966.574	0.0	-37.5	26	983287
1969.454	0.0	adapter	1	984727
1969.454	0.0	adapter	1	984727
1970.478	0.0	-12.5	24	985239
1970.478	0.0	-12.5	24	985239
1971.546	0.0	adapter	1	985773
1971.546	0.0	adapter	1	985773
1972.57	0.0	+37.5	20	986285
1972.57	0.0	+37.5	20	986285
1973.642	0.0	adapter	1	986821
1973.642	0.0	adapter	1	986821
1974.666	0.0	+12.5	22	987333
1974.666	0.0	+12.5	22	987333
1975.738	0.0	adapter	1	987869
1975.738	0.0	adapter	1	987869
1976.762	0.0	+37.5	20	988381
1976.762	0.0	+37.5	20	988381
1977.836	0.0	adapter	1	988918
1977.836	0.0	adapter	1	988918
1978.86	0.0	-12.5	24	989430
1978.86	0.0	-12.5	24	989430
1979.938	0.0	adapter	1	989969
1979.938	0.0	adapter	1	989969
1980.962	0.0	-37.5	26	990481
1980.962	0.0	-37.5	26	990481
1982.018	0.0	adapter	1	991009
1982.018	0.0	adapter	1	991009
1983.042	0.0	+37.5	20	991521
1983.042	0.0	+37.5	20	991521
1984.112	0.0	adapter	1	992056
1984.112	0.0	adapter	1	992056
1985.136	0.0	-12.5	24	992568
1985.136	0.0	-12.5	24	992568
1989.924	0.0	adapter	1	994962
1989.924	0.0	adapter	1	994962
1990.948	0.0	+12.5_t	12	995474
1990.948	0.0	+12.5_t	12	995474
1992.03	0.0	adapter	1	996015
1992.03	0.0	adapter	1	996015
1993.054	0.0	-37.5	26	996527
1993.054	0.0	-37.5	26	996527
1994.128	0.0	adapter	1	997064
1994.128	0.0	adapter	1	997064
1995.152	0.0	+12.5	22	997576
1995.152	0.0	+12.5	22	997576
1996.236	0.0	adapter	1	998118
1996.236	0.0	adapter	1	998118
1997.26	0.0	-37.5	26	998630
1997.26	0.0	-37.5	26	998630
1998.328	0.0	adapter	1	999164
1998.328	0.0	adapter	1	999164
1999.352	0.0	-12.5	24	999676
1999.352	0.0	-12.5	24	999676
2000.422	0.0	adapter	1	1000211
2000.422	0.0	adapter	1	1000211
2001.446	0.0	+37.5	20	1000723
2001.446	0.0	+37.5	20	1000723
2002.528	0.0	adapter	1	1001264
2002.528	0.0	adapter	1	1001264
2003.552	0.0	-12.5	24	1001776
2003.552	0.0	-12.5	24	1001776
2004.642	0.0	adapter	1	1002321
2004.642	0.0	adapter	1	1002321
2005.666	0.0	-37.5	26	1002833
2005.666	0.0	-37.5	26	1002833
2006.75	0.0	adapter	1	1003375
2006.75	0.0	adapter	1	1003375
2007.774	0.0	+12.5	22	1003887
2007.774	0.0	+12.5	22	1003887
2008.862	0.0	adapter	1	1004431
2008.862	0.0	adapter	1	1004431
2009.886	0.0	+37.5	20	1004943
2009.886	0.0	+37.5	20	1004943
2010.966	0.0	adapter	1	1005483
2010.966	0.0	adapter	1	1005483
2011.99	0.0	+12.5	22	1005995
2011.99	0.0	+12.5	22	1005995
2013.056	0.0	adapter	1	1006528
2013.056	0.0	adapter	1	1006528
2014.08	0.0	+37.5	20	1007040
2014.08	0.0	+37.5	20	1007040
2015.126	0.0	adapter	1	1007563
2015.126	0.0	adapter	1	1007563
2016.15	0.0	-12.5	24	1008075
2016.15	0.0	-12.5	24	1008075
2017.234	0.0	adapter	1	1008617
2017.234	0.0	adapter	1	1008617
2018.258	0.0	-37.5	26	1009129
2018.258	0.0	-37.5	26	1009129
2019.34	0.0	adapter	1	1009670
2019.34	0.0	adapter	1	1009670
2020.364	0.0	-12.5	24	1010182
2020.364	0.0	-12.5	24	1010182
2021.416	0.0	adapter	1	1010708
2021.416	0.0	adapter	1	1010708
2022.44	0.0	-37.5	26	1011220
2022.44	0.0	-37.5	26	1011220
2023.526	0.0	adapter	1	1011763
2023.526	0.0	adapter	1	1011763
2024.55	0.0	+12.5	22	1012275
2024.55	0.0	+12.5	22	1012275
2025.602	0.0	adapter	1	1012801
2025.602	0.0	adapter	1	1012801
2026.626	0.0	+37.5	20	1013313
2026.626	0.0	+37.5	20	1013313
2027.714	0.0	adapter	1	1013857
2027.714	0.0	adapter	1	1013857
2028.738	0.0	-12.5	24	1014369
2028.738	0.0	-12.5	24	1014369
2029.844	0.0	adapter	1	1014922
2029.844	0.0	adapter	1	1014922
2030.868	0.0	+12.5	22	1015434
2030.868	0.0	+12.5	22	1015434
2037.414	0.0	adapter	1	1018707
2037.414	0.0	adapter	1	1018707
2038.438	0.0	-37.5_t	16	1019219
2038.438	0.0	-37.5_t	16	1019219
2039.516	0.0	adapter	1	1019758
2039.516	0.0	adapter	1	1019758
2040.54	0.0	+37.5	20	1020270
2040.54	0.0	+37.5	20	1020270
2042.966	0.0	adapter	1	1021483
2042.966	0.0	adapter	1	1021483
2043.99	0.0	-37.5	26	1021995
2043.99	0.0	-37.5	26	1021995
2045.07	0.0	adapter	1	1022535
2045.07	0.0	adapter	1	1022535
2046.094	0.0	-12.5	24	1023047
2046.094	0.0	-12.5	24	1023047
2047.156	0.0	adapter	1	1023578
2047.156	0.0	adapter	1	1023578
2048.18	0.0	+37.5	20	1024090
2048.18	0.0	+37.5	20	1024090
2049.246	0.0	adapter	1	1024623
2049.246	0.0	adapter	1	1024623
2050.27	0.0	+12.5	22	1025135
2050.27	0.0	+12.5	22	1025135
2051.34	0.0	adapter	1	1025670
2051.34	0.0	adapter	1	1025670
2052.364	0.0	-37.5	26	1026182
2052.364	0.0	-37.5	26	1026182
2053.438	0.0	adapter	1	1026719
2053.438	0.0	adapter	1	1026719
2054.462	0.0	+12.5	22	1027231
2054.462	0.0	+12.5	22	1027231
2055.538	0.0	adapter	1	1027769
2055.538	0.0	adapter	1	1027769
2056.562	0.0	-12.5	24	1028281
2056.562	0.0	-12.5	24	1028281
2057.616	0.0	adapter	1	1028808
2057.616	0.0	adapter	1	1028808
2058.64	0.0	+37.5	20	1029320
2058.64	0.0	+37.5	20	1029320
2059.71	0.0	adapter	1	1029855
2059.71	0.0	adapter	1	1029855
2060.734	0.0	+12.5	22	1030367
2060.734	0.0	+12.5	22	1030367
2061.798	0.0	adapter	1	1030899
2061.798	0.0	adapter	1	1030899
2062.824	0.0	-12.5	24	1031412
2062.824	0.0	-12.5	24	1031412
2063.866	0.0	adapter	1	1031933
2063.866	0.0	adapter	1	1031933
2064.892	0.0	+37.5	20	1032446
2064.892	0.0	+37.5	20	1032446
2065.972	0.0	adapter	1	1032986
2065.972	0.0	adapter	1	1032986
2066.996	0.0	-37.5	26	1033498
2066.996	0.0	-37.5	26	1033498
2068.058	0.0	adapter	1	1034029
2068.058	0.0	adapter	1	1034029
2069.082	0.0	-12.5	24	1034541
2069.082	0.0	-12.5	24	1034541
2070.288	0.0	adapter	1	1035144
2070.288	0.0	adapter	1	1035144
2071.312	0.0	-37.5	26	1035656
2071.312	0.0	-37.5	26	1035656
2072.402	0.0	adapter	1	1036201
2072.402	0.0	adapter	1	1036201
2073.426	0.0	+37.5	20	1036713
2073.426	0.0	+37.5	20	1036713
2074.512	0.0	adapter	1	1037256
2074.512	0.0	adapter	1	1037256
2075.536	0.0	+12.5	22	1037768
2075.536	0.0	+12.5	22	1037768
2076.612	0.0	adapter	1	1038306
2076.612	0.0	adapter	1	1038306
2077.638	0.0	-37.5	26	1038819
2077.638	0.0	-37.5	26	1038819
2078.702	0.0	adapter	1	1039351
2078.702	0.0	adapter	1	1039351
2079.726	0.0	+12.5	22	1039863
2079.726	0.0	+12.5	22	1039863
2087.098	0.0	adapter	1	1043549
2087.098	0.0	adapter	1	1043549
2088.122	0.0	+37.5_t	10	1044061
2088.122	0.0	+37.5_t	10	1044061
2089.196	0.0	adapter	1	1044598
2089.196	0.0	adapter	1	1044598
2090.22	0.0	-12.5	24	1045110
2090.22	0.0	-12.5	24	1045110
2091.296	0.0	adapter	1	1045648
2091.296	0.0	adapter	1	1045648
2092.32	0.0	-37.5	26	1046160
2092.32	0.0	-37.5	26	1046160
2093.398	0.0	adapter	1	1046699
2093.398	0.0	adapter	1	1046699
2094.422	0.0	+37.5	20	1047211
2094.422	0.0	+37.5	20	1047211
2095.526	0.0	adapter	1	1047763
2095.526	0.0	adapter	1	1047763
2096.55	0.0	+12.5	22	1048275
2096.55	0.0	+12.5	22	1048275
2097.618	0.0	adapter	1	1048809
2097.618	0.0	adapter	1	1048809
2098.642	0.0	-12.5	24	1049321
2098.642	0.0	-12.5	24	1049321
2099.722	0.0	adapter	1	1049861
2099.722	0.0	adapter	1	1049861
2100.746	0.0	+12.5	22	1050373
2100.746	0.0	+12.5	22	1050373
2101.818	0.0	adapter	1	1050909
2101.818	0.0	adapter	1	1050909
2102.842	0.0	+37.5	20	1051421
2102.842	0.0	+37.5	20	1051421
2103.906	0.0	adapter	1	1051953
2103.906	0.0	adapter	1	1051953
2104.93	0.0	-12.5	24	1052465
2104.93	0.0	-12.5	24	1052465
2106.004	0.0	adapter	1	1053002
2106.004	0.0	adapter	1	1053002
2107.028	0.0	-37.5	26	1053514
2107.028	0.0	-37.5	26	1053514
2108.098	0.0	adapter	1	1054049
2108.098	0.0	adapter	1	1054049
2109.122	0.0	+12.5	22	1054561
2109.122	0.0	+12.5	22	1054561
2110.196	0.0	adapter	1	1055098
2110.196	0.0	adapter	1	1055098
2111.22	0.0	-37.5	26	1055610
2111.22	0.0	-37.5	26	1055610
2112.278	0.0	adapter	1	1056139
2112.278	0.0	adapter	1	1056139
2113.302	0.0	-12.5	24	1056651
2113.302	0.0	-12.5	24	1056651
2114.364	0.0	adapter	1	1057182
2114.364	0.0	adapter	1	1057182
2115.388	0.0	+37.5	20	1057694
2115.388	0.0	+37.5	20	1057694
2116.468	0.0	adapter	1	1058234
2116.468	0.0	adapter	1	1058234
2117.492	0.0	+12.5	22	1058746
2117.492	0.0	+12.5	22	1058746
2118.57	0.0	adapter	1	1059285
2118.57	0.0	adapter	1	1059285
2119.594	0.0	+37.5	20	1059797
2119.594	0.0	+37.5	20	1059797
2120.662	0.0	adapter	1	1060331
2120.662	0.0	adapter	1	1060331
2121.686	0.0	-37.5	26	1060843
2121.686	0.0	-37.5	26	1060843
2122.766	0.0	adapter	1	1061383
2122.766	0.0	adapter	1	1061383
2123.79	0.0	-12.5	24	1061895
2123.79	0.0	-12.5	24	1061895
2124.872	0.0	adapter	1	1062436
2124.872	0.0	adapter	1	1062436
2125.896	0.0	+37.5	20	1062948
2125.896	0.0	+37.5	20	1062948
2126.966	0.0	adapter	1	1063483
2126.966	0.0	adapter	1	1063483
2127.99	0.0	-37.5	26	1063995
2127.99	0.0	-37.5	26	1063995
2138.212	0.0	adapter	1	1069106
2138.212	0.0	adapter	1	1069106
2139.236	0.0	-12.5_t	14	1069618
2139.236	0.0	-12.5_t	14	1069618
2140.316	0.0	adapter	1	1070158
2140.316	0.0	adapter	1	1070158
2141.34	0.0	+12.5	22	1070670
2141.34	0.0	+12.5	22	1070670
2142.39	0.0	adapter	1	1071195
2142.39	0.0	adapter	1	1071195
2143.414	0.0	+37.5	20	1071707
2143.414	0.0	+37.5	20	1071707
2144.49	0.0	adapter	1	1072245
2144.49	0.0	adapter	1	1072245
2145.514	0.0	+12.5	22	1072757
2145.514	0.0	+12.5	22	1072757
2146.59	0.0	adapter	1	1073295
2146.59	0.0	adapter	1	1073295
2147.614	0.0	-37.5	26	1073807
2147.614	0.0	-37.5	26	1073807
2148.682	0.0	adapter	1	1074341
2148.682	0.0	adapter	1	1074341
2149.706	0.0	-12.5	24	1074853
2149.706	0.0	-12.5	24	1074853
2150.784	0.0	adapter	1	1075392
2150.784	0.0	adapter	1	1075392
2151.808	0.0	+12.5	22	1075904
2151.808	0.0	+12.5	22	1075904
2152.884	0.0	adapter	1	1076442
2152.884	0.0	adapter	1	1076442
2153.908	0.0	-12.5	24	1076954
2153.908	0.0	-12.5	24	1076954
2154.99	0.0	adapter	1	1077495
2154.99	0.0	adapter	1	1077495
2156.014	0.0	-37.5	26	1078007
2156.014	0.0	-37.5	26	1078007
2157.1	0.0	adapter	1	1078550
2157.1	0.0	adapter	1	1078550
2158.124	0.0	+37.5	20	1079062
2158.124	0.0	+37.5	20	1079062
2159.214	0.0	adapter	1	1079607
2159.214	0.0	adapter	1	1079607
2160.24	0.0	+12.5	22	1080120
2160.24	0.0	+12.5	22	1080120
2161.318	0.0	adapter	1	1080659
2161.318	0.0	adapter	1	1080659
2162.342	0.0	-37.5	26	1081171
2162.342	0.0	-37.5	26	1081171
2163.426	0.0	adapter	1	1081713
2163.426	0.0	adapter	1	1081713
2164.45	0.0	-12.5	24	1082225
2164.45	0.0	-12.5	24	1082225
2165.528	0.0	adapter	1	1082764
2165.528	0.0	adapter	1	1082764
2166.552	0.0	+37.5	20	1083276
2166.552	0.0	+37.5	20	1083276
2167.622	0.0	adapter	1	1083811
2167.622	0.0	adapter	1	1083811
2168.646	0.0	-12.5	24	1084323
2168.646	0.0	-12.5	24	1084323
2169.728	0.0	adapter	1	1084864
2169.728	0.0	adapter	1	1084864
2170.752	0.0	-37.5	26	1085376
2170.752	0.0	-37.5	26	1085376
2171.816	0.0	adapter	1	1085908
2171.816	0.0	adapter	1	1085908
2172.84	0.0	+37.5	20	1086420
2172.84	0.0	+37.5	20	1086420
2173.896	0.0	adapter	1	1086948
2173.896	0.0	adapter	1	1086948
2174.92	0.0	+12.5	22	1087460
2174.92	0.0	+12.5	22	1087460
2176.002	0.0	adapter	1	1088001
2176.002	0.0	adapter	1	1088001
2177.026	0.0	+37.5	20	1088513
2177.026	0.0	+37.5	20	1088513
2178.094	0.0	adapter	1	1089047
2178.094	0.0	adapter	1	1089047
2179.118	0.0	+12.5	22	1089559
2179.118	0.0	+12.5	22	1089559
2180.188	0.0	adapter	1	1090094
2180.188	0.0	adapter	1	1090094
2181.212	0.0	-37.5	26	1090606
2181.212	0.0	-37.5	26	1090606
2182.3	0.0	adapter	1	1091150
2182.3	0.0	adapter	1	1091150
2183.324	0.0	-12.5	24	1091662
2183.324	0.0	-12.5	24	1091662
2184.414	0.0	adapter	1	1092207
2184.414	0.0	adapter	1	1092207
2185.438	0.0	+37.5	20	1092719
2185.438	0.0	+37.5	20	1092719
2186.526	0.0	adapter	1	1093263
2186.526	0.0	adapter	1	1093263
2187.55	0.0	-12.5	24	1093775
2187.55	0.0	-12.5	24	1093775
2188.624	0.0	adapter	1	1094312
2188.624	0.0	adapter	1	1094312
2189.648	0.0	+12.5	22	1094824
2189.648	0.0	+12.5	22	1094824
2190.726	0.0	adapter	1	1095363
2190.726	0.0	adapter	1	1095363
2191.75	0.0	-37.5	26	1095875
2191.75	0.0	-37.5	26	1095875
2192.842	0.0	adapter	1	1096421
2192.842	0.0	adapter	1	1096421
2193.866	0.0	+12.5	22	1096933
2193.866	0.0	+12.5	22	1096933
2194.936	0.0	adapter	1	1097468
2194.936	0.0	adapter	1	1097468
2195.96	0.0	-37.5	26	1097980
2195.96	0.0	-37.5	26	1097980
2203.5	0.0	adapter	1	1101750
2203.5	0.0	adapter	1	1101750
2204.524	0.0	+37.5_t	10	1102262
2204.524	0.0	+37.5_t	10	1102262
2205.582	0.0	adapter	1	1102791
2205.582	0.0	adapter	1	1102791
2206.606	0.0	-12.5	24	1103303
2206.606	0.0	-12.5	24	1103303
2207.688	0.0	adapter	1	1103844
2207.688	0.0	adapter	1	1103844
2208.712	0.0	+12.5	22	1104356
2208.712	0.0	+12.5	22	1104356
2209.784	0.0	adapter	1	1104892
2209.784	0.0	adapter	1	1104892
2210.808	0.0	-12.5	24	1105404
2210.808	0.0	-12.5	24	1105404
2211.89	0.0	adapter	1	1105945
2211.89	0.0	adapter	1	1105945
2212.914	0.0	+37.5	20	1106457
2212.914	0.0	+37.5	20	1106457
2213.974	0.0	adapter	1	1106987
2213.974	0.0	adapter	1	1106987
2214.998	0.0	-37.5	26	1107499
2214.998	0.0	-37.5	26	1107499
2216.072	0.0	adapter	1	1108036
2216.072	0.0	adapter	1	1108036
2217.096	0.0	+12.5	22	1108548
2217.096	0.0	+12.5	22	1108548
2218.168	0.0	adapter	1	1109084
2218.168	0.0	adapter	1	1109084
2219.192	0.0	-12.5	24	1109596
2219.192	0.0	-12.5	24	1109596
2220.278	0.0	adapter	1	1110139
2220.278	0.0	adapter	1	1110139
2221.302	0.0	+37.5	20	1110651
2221.302	0.0	+37.5	20	1110651
2222.39	0.0	adapter	1	1111195
2222.39	0.0	adapter	1	1111195
2223.414	0.0	-37.5	26	1111707
2223.414	0.0	-37.5	26	1111707
2224.498	0.0	adapter	1	1112249
2224.498	0.0	adapter	1	1112249
2225.522	0.0	-12.5	24	1112761
2225.522	0.0	-12.5	24	1112761
2226.606	0.0	adapter	1	1113303
2226.606	0.0	adapter	1	1113303
2227.63	0.0	-37.5	26	1113815
2227.63	0.0	-37.5	26	1113815
2234.584	0.0	adapter	1	1117292
2234.584	0.0	adapter	1	1117292
2235.608	0.0	+12.5_t	12	1117804
2235.608	0.0	+12.5_t	12	1117804
2236.686	0.0	adapter	1	1118343
2236.686	0.0	adapter	1	1118343
2237.71	0.0	+37.5	20	1118855
2237.71	0.0	+37.5	20	1118855
2238.786	0.0	adapter	1	1119393
2238.786	0.0	adapter	1	1119393
2239.81	0.0	-37.5	26	1119905
2239.81	0.0	-37.5	26	1119905
2240.894	0.0	adapter	1	1120447
2240.894	0.0	adapter	1	1120447
2241.918	0.0	+12.5	22	1120959
2241.918	0.0	+12.5	22	1120959
2242.992	0.0	adapter	1	1121496
2242.992	0.0	adapter	1	1121496
2244.016	0.0	-12.5	24	1122008
2244.016	0.0	-12.5	24	1122008
2245.082	0.0	adapter	1	1122541
2245.082	0.0	adapter	1	1122541
2246.106	0.0	+37.5	20	1123053
2246.106	0.0	+37.5	20	1123053
2247.158	0.0	adapter	1	1123579
2247.158	0.0	adapter	1	1123579
2248.182	0.0	-12.5	24	1124091
2248.182	0.0	-12.5	24	1124091
2249.272	0.0	adapter	1	1124636
2249.272	0.0	adapter	1	1124636
2250.296	0.0	+12.5	22	1125148
2250.296	0.0	+12.5	22	1125148
2251.368	0.0	adapter	1	1125684
2251.368	0.0	adapter	1	1125684
2252.392	0.0	-37.5	26	1126196
2252.392	0.0	-37.5	26	1126196
2253.462	0.0	adapter	1	1126731
2253.462	0.0	adapter	1	1126731
2254.486	0.0	+37.5	20	1127243
2254.486	0.0	+37.5	20	1127243
2255.564	0.0	adapter	1	1127782
2255.564	0.0	adapter	1	1127782
2256.588	0.0	+12.5	22	1128294
2256.588	0.0	+12.5	22	1128294
2257.618	0.0	adapter	1	1128809
2257.618	0.0	adapter	1	1128809
2258.642	0.0	-12.5	24	1129321
2258.642	0.0	-12.5	24	1129321
2259.828	0.0	adapter	1	1129914
2259.828	0.0	adapter	1	1129914
2260.852	0.0	-37.5	26	1130426
2260.852	0.0	-37.5	26	1130426
2261.912	0.0	adapter	1	1130956
2261.912	0.0	adapter	1	1130956
2262.936	0.0	+37.5	20	1131468
2262.936	0.0	+37.5	20	1131468
2264.006	0.0	adapter	1	1132003
2264.006	0.0	adapter	1	1132003
2265.03	0.0	-37.5	26	1132515
2265.03	0.0	-37.5	26	1132515
2266.062	0.0	adapter	1	1133031
2266.062	0.0	adapter	1	1133031
2267.086	0.0	+37.5	20	1133543
2267.086	0.0	+37.5	20	1133543
2268.162	0.0	adapter	1	1134081
2268.162	0.0	adapter	1	1134081
2269.186	0.0	-12.5	24	1134593
2269.186	0.0	-12.5	24	1134593
2270.262	0.0	adapter	1	1135131
2270.262	0.0	adapter	1	1135131
2271.286	0.0	+12.5	22	1135643
2271.286	0.0	+12.5	22	1135643
2272.37	0.0	adapter	1	1136185
2272.37	0.0	adapter	1	1136185
2273.394	0.0	+37.5	20	1136697
2273.394	0.0	+37.5	20	1136697
2274.458	0.0	adapter	1	1137229
2274.458	0.0	adapter	1	1137229
2275.482	0.0	-12.5	24	1137741
2275.482	0.0	-12.5	24	1137741
2276.57	0.0	adapter	1	1138285
2276.57	0.0	adapter	1	1138285
2277.594	0.0	-37.5	26	1138797
2277.594	0.0	-37.5	26	1138797
2278.66	0.0	adapter	1	1139330
2278.66	0.0	adapter	1	1139330
2279.684	0.0	+12.5	22	1139842
2279.684	0.0	+12.5	22	1139842
2280.764	0.0	adapter	1	1140382
2280.764	0.0	adapter	1	1140382
2281.788	0.0	-37.5	26	1140894
2281.788	0.0	-37.5	26	1140894
2282.878	0.0	adapter	1	1141439
2282.878	0.0	adapter	1	1141439
2283.902	0.0	+37.5	20	1141951
2283.902	0.0	+37.5	20	1141951
2284.984	0.0	adapter	1	1142492
2284.984	0.0	adapter	1	1142492
2286.008	0.0	+12.5	22	1143004
2286.008	0.0	+12.5	22	1143004
2287.096	0.0	adapter	1	1143548
2287.096	0.0	adapter	1	1143548
2288.12	0.0	-12.5	24	1144060
2288.12	0.0	-12.5	24	1144060
2289.186	0.0	adapter	1	1144593
2289.186	0.0	adapter	1	1144593
2290.21	0.0	-37.5	26	1145105
2290.21	0.0	-37.5	26	1145105
2291.276	0.0	adapter	1	1145638
2291.276	0.0	adapter	1	1145638
2292.3	0.0	+37.5	20	1146150
2292.3	0.0	+37.5	20	1146150
2293.362	0.0	adapter	1	1146681
2293.362	0.0	adapter	1	1146681
2294.386	0.0	+12.5	22	1147193
2294.386	0.0	+12.5	22	1147193
2302.75	0.0	adapter	1	1151375
2302.75	0.0	adapter	1	1151375
2303.774	0.0	-12.5_t	14	1151887
2303.774	0.0	-12.5_t	14	1151887
2304.844	0.0	adapter	1	1152422
2304.844	0.0	adapter	1	1152422
2305.868	0.0	-37.5	26	1152934
2305.868	0.0	-37.5	26	1152934
2306.952	0.0	adapter	1	1153476
2306.952	0.0	adapter	1	1153476
2307.976	0.0	-12.5	24	1153988
2307.976	0.0	-12.5	24	1153988
2309.046	0.0	adapter	1	1154523
2309.046	0.0	adapter	1	1154523
2310.07	0.0	+37.5	20	1155035
2310.07	0.0	+37.5	20	1155035
2311.128	0.0	adapter	1	1155564
2311.128	0.0	adapter	1	1155564
2312.152	0.0	+12.5	22	1156076
2312.152	0.0	+12.5	22	1156076
2313.216	0.0	adapter	1	1156608
2313.216	0.0	adapter	1	1156608
2314.24	0.0	+37.5	20	1157120
2314.24	0.0	+37.5	20	1157120
2315.298	0.0	adapter	1	1157649
2315.298	0.0	adapter	1	1157649
2316.322	0.0	+12.5	22	1158161
2316.322	0.0	+12.5	22	1158161
2317.404	0.0	adapter	1	1158702
2317.404	0.0	adapter	1	1158702
2318.428	0.0	-12.5	24	1159214
2318.428	0.0	-12.5	24	1159214
2319.478	0.0	adapter	1	1159739
2319.478	0.0	adapter	1	1159739
2320.502	0.0	-37.5	26	1160251
2320.502	0.0	-37.5	26	1160251
2321.594	0.0	adapter	1	1160797
2321.594	0.0	adapter	1	1160797
2322.618	0.0	+12.5	22	1161309
2322.618	0.0	+12.5	22	1161309
2323.692	0.0	adapter	1	1161846
2323.692	0.0	adapter	1	1161846
2324.716	0.0	-12.5	24	1162358
2324.716	0.0	-12.5	24	1162358
2325.764	0.0	adapter	1	1162882
2325.764	0.0	adapter	1	1162882
2326.788	0.0	-37.5	26	1163394
2326.788	0.0	-37.5	26	1163394
2327.876	0.0	adapter	1	1163938
2327.876	0.0	adapter	1	1163938
2328.9	0.0	+37.5	20	1164450
2328.9	0.0	+37.5	20	1164450
2337.808	0.0	adapter	1	1168904
2337.808	0.0	adapter	1	1168904
2338.832	0.0	+12.5_t	12	1169416
2338.832	0.0	+12.5_t	12	1169416
2339.898	0.0	adapter	1	1169949
2339.898	0.0	adapter	1	1169949
2340.922	0.0	+37.5	20	1170461
2340.922	0.0	+37.5	20	1170461
2341.978	0.0	adapter	1	1170989
2341.978	0.0	adapter	1	1170989
2343.002	0.0	-12.5	24	1171501
2343.002	0.0	-12.5	24	1171501
2344.084	0.0	adapter	1	1172042
2344.084	0.0	adapter	1	1172042
2345.108	0.0	-37.5	26	1172554
2345.108	0.0	-37.5	26	1172554
2346.172	0.0	adapter	1	1173086
2346.172	0.0	adapter	1	1173086
2347.196	0.0	+37.5	20	1173598
2347.196	0.0	+37.5	20	1173598
2348.268	0.0	adapter	1	1174134
2348.268	0.0	adapter	1	1174134
2349.292	0.0	-37.5	26	1174646
2349.292	0.0	-37.5	26	1174646
2350.344	0.0	adapter	1	1175172
2350.344	0.0	adapter	1	1175172
2351.368	0.0	+12.5	22	1175684
2351.368	0.0	+12.5	22	1175684
2352.454	0.0	adapter	1	1176227
2352.454	0.0	adapter	1	1176227
2353.478	0.0	-12.5	24	1176739
2353.478	0.0	-12.5	24	1176739
2354.552	0.0	adapter	1	1177276
2354.552	0.0	adapter	1	1177276
2355.576	0.0	+37.5	20	1177788
2355.576	0.0	+37.5	20	1177788
2356.628	0.0	adapter	1	1178314
2356.628	0.0	adapter	1	1178314
2357.652	0.0	-12.5	24	1178826
2357.652	0.0	-12.5	24	1178826
2358.714	0.0	adapter	1	1179357
2358.714	0.0	adapter	1	1179357
2359.738	0.0	-37.5	26	1179869
2359.738	0.0	-37.5	26	1179869
2360.82	0.0	adapter	1	1180410
2360.82	0.0	adapter	1	1180410
2361.844	0.0	+12.5	22	1180922
2361.844	0.0	+12.5	22	1180922
2362.922	0.0	adapter	1	1181461
2362.922	0.0	adapter	1	1181461
2363.946	0.0	-37.5	26	1181973
2363.946	0.0	-37.5	26	1181973
2365.032	0.0	adapter	1	1182516
2365.032	0.0	adapter	1	1182516
2366.056	0.0	-12.5	24	1183028
2366.056	0.0	-12.5	24	1183028
2367.128	0.0	adapter	1	1183564
2367.128	0.0	adapter	1	1183564
2368.152	0.0	+37.5	20	1184076
2368.152	0.0	+37.5	20	1184076
2369.232	0.0	adapter	1	1184616
2369.232	0.0	adapter	1	1184616
2370.256	0.0	+12.5	22	1185128
2370.256	0.0	+12.5	22	1185128
2376.014	0.0	adapter	1	1188007
2376.014	0.0	adapter	1	1188007
2377.038	0.0	-37.5	26	1188519
2377.038	0.0	-37.5	26	1188519
2378.094	0.0	adapter	1	1189047
2378.094	0.0	adapter	1	1189047
2379.118	0.0	+12.5	22	1189559
2379.118	0.0	+12.5	22	1189559
2380.18	0.0	adapter	1	1190090
2380.18	0.0	adapter	1	1190090
2381.204	0.0	+37.5	20	1190602
2381.204	0.0	+37.5	20	1190602
2382.292	0.0	adapter	1	1191146
2382.292	0.0	adapter	1	1191146
2383.316	0.0	-12.5	24	1191658
2383.316	0.0	-12.5	24	1191658
2384.384	0.0	adapter	1	1192192
2384.384	0.0	adapter	1	1192192
2385.408	0.0	-37.5	26	1192704
2385.408	0.0	-37.5	26	1192704
2392.276	0.0	adapter	1	1196138
2392.276	0.0	adapter	1	1196138
2393.3	0.0	+37.5	20	1196650
2393.3	0.0	+37.5	20	1196650
2394.376	0.0	adapter	1	1197188
2394.376	0.0	adapter	1	1197188
2395.4	0.0	-12.5	24	1197700
2395.4	0.0	-12.5	24	1197700
2399.66	0.0	adapter	1	1199830
2399.66	0.0	adapter	1	1199830
2400.684	0.0	+12.5_t	12	1200342
2400.684	0.0	+12.5_t	12	1200342
2401.734	0.0	adapter	1	1200867
2401.734	0.0	adapter	1	1200867
2402.758	0.0	+37.5	20	1201379
2402.758	0.0	+37.5	20	1201379
2403.84	0.0	adapter	1	1201920
2403.84	0.0	adapter	1	1201920
2404.864	0.0	-37.5	26	1202432
2404.864	0.0	-37.5	26	1202432
2405.938	0.0	adapter	1	1202969
2405.938	0.0	adapter	1	1202969
2406.962	0.0	-12.5	24	1203481
2406.962	0.0	-12.5	24	1203481
2408.054	0.0	adapter	1	1204027
2408.054	0.0	adapter	1	1204027
2409.078	0.0	+12.5	22	1204539
2409.078	0.0	+12.5	22	1204539
2410.128	0.0	adapter	1	1205064
2410.128	0.0	adapter	1	1205064
2411.152	0.0	-12.5	24	1205576
2411.152	0.0	-12.5	24	1205576
2412.22	0.0	adapter	1	1206110
2412.22	0.0	adapter	1	1206110
2413.244	0.0	+37.5	20	1206622
2413.244	0.0	+37.5	20	1206622
2414.314	0.0	adapter	1	1207157
2414.314	0.0	adapter	1	1207157
2415.338	0.0	-37.5	26	1207669
2415.338	0.0	-37.5	26	1207669
2416.394	0.0	adapter	1	1208197
2416.394	0.0	adapter	1	1208197
2417.418	0.0	+12.5	22	1208709
2417.418	0.0	+12.5	22	1208709
2418.502	0.0	adapter	1	1209251
2418.502	0.0	adapter	1	1209251
2419.526	0.0	+37.5	20	1209763
2419.526	0.0	+37.5	20	1209763
2420.608	0.0	adapter	1	1210304
2420.608	0.0	adapter	1	1210304
2421.632	0.0	-37.5	26	1210816
2421.632	0.0	-37.5	26	1210816
2422.716	0.0	adapter	1	1211358
2422.716	0.0	adapter	1	1211358
2423.74	0.0	-12.5	24	1211870
2423.74	0.0	-12.5	24	1211870
2424.828	0.0	adapter	1	1212414
2424.828	0.0	adapter	1	1212414
2425.852	0.0	+12.5	22	1212926
2425.852	0.0	+12.5	22	1212926
2426.93	0.0	adapter	1	1213465
2426.93	0.0	adapter	1	1213465
2427.954	0.0	-12.5	24	1213977
2427.954	0.0	-12.5	24	1213977
2429.03	0.0	adapter	1	1214515
2429.03	0.0	adapter	1	1214515
2430.054	0.0	+12.5	22	1215027
2430.054	0.0	+12.5	22	1215027
2431.126	0.0	adapter	1	1215563
2431.126	0.0	adapter	1	1215563
2432.15	0.0	-37.5	26	1216075
2432.15	0.0	-37.5	26	1216075
2433.21	0.0	adapter	1	1216605
2433.21	0.0	adapter	1	1216605
2434.234	0.0	+37.5	20	1217117
2434.234	0.0	+37.5	20	1217117
2435.308	0.0	adapter	1	1217654
2435.308	0.0	adapter	1	1217654
2436.332	0.0	-12.5	24	1218166
2436.332	0.0	-12.5	24	1218166
2437.42	0.0	adapter	1	1218710
2437.42	0.0	adapter	1	1218710
2438.444	0.0	+37.5	20	1219222
2438.444	0.0	+37.5	20	1219222
2439.51	0.0	adapter	1	1219755
2439.51	0.0	adapter	1	1219755
2440.534	0.0	-37.5	26	1220267
2440.534	0.0	-37.5	26	1220267
2441.596	0.0	adapter	1	1220798
2441.596	0.0	adapter	1	1220798
2442.62	0.0	+12.5	22	1221310
2442.62	0.0	+12.5	22	1221310
2443.684	0.0	adapter	1	1221842
2443.684	0.0	adapter	1	1221842
2444.708	0.0	-37.5	26	1222354
2444.708	0.0	-37.5	26	1222354
2445.8	0.0	adapter	1	1222900
2445.8	0.0	adapter	1	1222900
2446.824	0.0	+12.5	22	1223412
2446.824	0.0	+12.5	22	1223412
2447.906	0.0	adapter	1	1223953
2447.906	0.0	adapter	1	1223953
2448.93	0.0	+37.5	20	1224465
2448.93	0.0	+37.5	20	1224465
2450.008	0.0	adapter	1	1225004
2450.008	0.0	adapter	1	1225004
2451.032	0.0	-12.5	24	1225516
2451.032	0.0	-12.5	24	1225516
2460.51	0.0	adapter	1	1230255
2460.51	0.0	adapter	1	1230255
2461.534	0.0	+12.5_t	12	1230767
2461.534	0.0	+12.5_t	12	1230767
2462.61	0.0	adapter	1	1231305
2462.61	0.0	adapter	1	1231305
2463.634	0.0	-12.5	24	1231817
2463.634	0.0	-12.5	24	1231817
2464.718	0.0	adapter	1	1232359
2464.718	0.0	adapter	1	1232359
2465.742	0.0	-37.5	26	1232871
2465.742	0.0	-37.5	26	1232871
2466.8	0.0	adapter	1	1233400
2466.8	0.0	adapter	1	1233400
2467.824	0.0	+37.5	20	1233912
2467.824	0.0	+37.5	20	1233912
2468.914	0.0	adapter	1	1234457
2468.914	0.0	adapter	1	1234457
2469.938	0.0	-37.5	26	1234969
2469.938	0.0	-37.5	26	1234969
2471.012	0.0	adapter	1	1235506
2471.012	0.0	adapter	1	1235506
2472.036	0.0	-12.5	24	1236018
2472.036	0.0	-12.5	24	1236018
2473.11	0.0	adapter	1	1236555
2473.11	0.0	adapter	1	1236555
2474.134	0.0	+37.5	20	1237067
2474.134	0.0	+37.5	20	1237067
2475.196	0.0	adapter	1	1237598
2475.196	0.0	adapter	1	1237598
2476.22	0.0	+12.5	22	1238110
2476.22	0.0	+12.5	22	1238110
2477.286	0.0	adapter	1	1238643
2477.286	0.0	adapter	1	1238643
2478.31	0.0	-12.5	24	1239155
2478.31	0.0	-12.5	24	1239155
2479.346	0.0	adapter	1	1239673
2479.346	0.0	adapter	1	1239673
2480.37	0.0	+12.5	22	1240185
2480.37	0.0	+12.5	22	1240185
2481.454	0.0	adapter	1	1240727
2481.454	0.0	adapter	1	1240727
2482.478	0.0	-37.5	26	1241239
2482.478	0.0	-37.5	26	1241239
2483.548	0.0	adapter	1	1241774
2483.548	0.0	adapter	1	1241774
2484.572	0.0	+37.5	20	1242286
2484.572	0.0	+37.5	20	1242286
2485.654	0.0	adapter	1	1242827
2485.654	0.0	adapter	1	1242827
2486.678	0.0	+12.5	22	1243339
2486.678	0.0	+12.5	22	1243339
2487.752	0.0	adapter	1	1243876
2487.752	0.0	adapter	1	1243876
2488.776	0.0	-12.5	24	1244388
2488.776	0.0	-12.5	24	1244388
2498.826	0.0	adapter	1	1249413
2498.826	0.0	adapter	1	1249413
2499.85	0.0	+37.5_t	10	1249925
2499.85	0.0	+37.5_t	10	1249925
2500.932	0.0	adapter	1	1250466
2500.932	0.0	adapter	1	1250466
2501.956	0.0	-37.5	26	1250978
2501.956	0.0	-37.5	26	1250978
2503.032	0.0	adapter	1	1251516
2503.032	0.0	adapter	1	1251516
2504.056	0.0	+37.5	20	1252028
2504.056	0.0	+37.5	20	1252028
2505.122	0.0	adapter	1	1252561
2505.122	0.0	adapter	1	1252561
2506.146	0.0	-12.5	24	1253073
2506.146	0.0	-12.5	24	1253073
2507.216	0.0	adapter	1	1253608
2507.216	0.0	adapter	1	1253608
2508.24	0.0	+12.5	22	1254120
2508.24	0.0	+12.5	22	1254120
2509.31	0.0	adapter	1	1254655
2509.31	0.0	adapter	1	1254655
2510.334	0.0	-37.5	26	1255167
2510.334	0.0	-37.5	26	1255167
2511.41	0.0	adapter	1	1255705
2511.41	0.0	adapter	1	1255705
2512.434	0.0	+12.5	22	1256217
2512.434	0.0	+12.5	22	1256217
2513.504	0.0	adapter	1	1256752
2513.504	0.0	adapter	1	1256752
2514.528	0.0	+37.5	20	1257264
2514.528	0.0	+37.5	20	1257264
2515.624	0.0	adapter	1	1257812
2515.624	0.0	adapter	1	1257812
2516.648	0.0	-12.5	24	1258324
2516.648	0.0	-12.5	24	1258324
2517.718	0.0	adapter	1	1258859
2517.718	0.0	adapter	1	1258859
2518.742	0.0	-37.5	26	1259371
2518.742	0.0	-37.5	26	1259371
2519.824	0.0	adapter	1	1259912
2519.824	0.0	adapter	1	1259912
2520.848	0.0	-12.5	24	1260424
2520.848	0.0	-12.5	24	1260424
2521.914	0.0	adapter	1	1260957
2521.914	0.0	adapter	1	1260957
2522.938	0.0	+37.5	20	1261469
2522.938	0.0	+37.5	20	1261469
2524.008	0.0	adapter	1	1262004
2524.008	0.0	adapter	1	1262004
2525.032	0.0	+12.5	22	1262516
2525.032	0.0	+12.5	22	1262516
2526.104	0.0	adapter	1	1263052
2526.104	0.0	adapter	1	1263052
2527.128	0.0	-37.5	26	1263564
2527.128	0.0	-37.5	26	1263564
2528.186	0.0	adapter	1	1264093
2528.186	0.0	adapter	1	1264093
2529.21	0.0	+12.5	22	1264605
2529.21	0.0	+12.5	22	1264605
2530.268	0.0	adapter	1	1265134
2530.268	0.0	adapter	1	1265134
2531.292	0.0	-37.5	26	1265646
2531.292	0.0	-37.5	26	1265646
2532.376	0.0	adapter	1	1266188
2532.376	0.0	adapter	1	1266188
2533.4	0.0	+37.5	20	1266700
2533.4	0.0	+37.5	20	1266700
2534.454	0.0	adapter	1	1267227
2534.454	0.0	adapter	1	1267227
2535.478	0.0	-12.5	24	1267739
2535.478	0.0	-12.5	24	1267739
2541.518	0.0	adapter	1	1270759
2541.518	0.0	adapter	1	1270759
2542.542	0.0	+37.5_t	10	1271271
2542.542	0.0	+37.5_t	10	1271271
2543.62	0.0	adapter	1	1271810
2543.62	0.0	adapter	1	1271810
2544.644	0.0	-37.5	26	1272322
2544.644	0.0	-37.5	26	1272322
2545.704	0.0	adapter	1	1272852
2545.704	0.0	adapter	1	1272852
2546.728	0.0	-12.5	24	1273364
2546.728	0.0	-12.5	24	1273364
2547.808	0.0	adapter	1	1273904
2547.808	0.0	adapter	1	1273904
2548.832	0.0	+12.5	22	1274416
2548.832	0.0	+12.5	22	1274416
2552.354	0.0	adapter	1	1276177
2552.354	0.0	adapter	1	1276177
2553.378	0.0	-12.5	24	1276689
2553.378	0.0	-12.5	24	1276689
2554.458	0.0	adapter	1	1277229
2554.458	0.0	adapter	1	1277229
2555.482	0.0	+37.5	20	1277741
2555.482	0.0	+37.5	20	1277741
2556.564	0.0	adapter	1	1278282
2556.564	0.0	adapter	1	1278282
2557.588	0.0	+12.5	22	1278794
2557.588	0.0	+12.5	22	1278794
2558.678	0.0	adapter	1	1279339
2558.678	0.0	adapter	1	1279339
2559.702	0.0	-37.5	26	1279851
2559.702	0.0	-37.5	26	1279851
2560.792	0.0	adapter	1	1280396
2560.792	0.0	adapter	1	1280396
2561.816	0.0	+37.5	20	1280908
2561.816	0.0	+37.5	20	1280908
2565.102	0.0	adapter	1	1282551
2565.102	0.0	adapter	1	1282551
2566.126	0.0	+12.5	22	1283063
2566.126	0.0	+12.5	22	1283063
2567.208	0.0	adapter	1	1283604
2567.208	0.0	adapter	1	1283604
2568.234	0.0	-12.5	24	1284117
2568.234	0.0	-12.5	24	1284117
2569.3	0.0	adapter	1	1284650
2569.3	0.0	adapter	1	1284650
2570.324	0.0	-37.5	26	1285162
2570.324	0.0	-37.5	26	1285162
2571.372	0.0	adapter	1	1285686
2571.372	0.0	adapter	1	1285686
2572.396	0.0	+37.5	20	1286198
2572.396	0.0	+37.5	20	1286198
2573.46	0.0	adapter	1	1286730
2573.46	0.0	adapter	1	1286730
2574.484	0.0	+12.5	22	1287242
2574.484	0.0	+12.5	22	1287242
2575.54	0.0	adapter	1	1287770
2575.54	0.0	adapter	1	1287770
2576.564	0.0	-12.5	24	1288282
2576.564	0.0	-12.5	24	1288282
2577.622	0.0	adapter	1	1288811
2577.622	0.0	adapter	1	1288811
2578.646	0.0	-37.5	26	1289323
2578.646	0.0	-37.5	26	1289323
2579.778	0.0	adapter	1	1289889
2579.778	0.0	adapter	1	1289889
2580.802	0.0	-12.5	24	1290401
2580.802	0.0	-12.5	24	1290401
2581.87	0.0	adapter	1	1290935
2581.87	0.0	adapter	1	1290935
2582.894	0.0	-37.5	26	1291447
2582.894	0.0	-37.5	26	1291447
2583.974	0.0	adapter	1	1291987
2583.974	0.0	adapter	1	1291987
2584.998	0.0	+37.5	20	1292499
2584.998	0.0	+37.5	20	1292499
2586.07	0.0	adapter	1	1293035
2586.07	0.0	adapter	1	1293035
2587.094	0.0	+12.5	22	1293547
2587.094	0.0	+12.5	22	1293547
2588.18	0.0	adapter	1	1294090
2588.18	0.0	adapter	1	1294090
2589.204	0.0	-12.5	24	1294602
2589.204	0.0	-12.5	24	1294602
2590.284	0.0	adapter	1	1295142
2590.284	0.0	adapter	1	1295142
2591.308	0.0	+12.5	22	1295654
2591.308	0.0	+12.5	22	1295654
2592.394	0.0	adapter	1	1296197
2592.394	0.0	adapter	1	1296197
2593.418	0.0	-37.5	26	1296709
2593.418	0.0	-37.5	26	1296709
2594.468	0.0	adapter	1	1297234
2594.468	0.0	adapter	1	1297234
2595.492	0.0	+37.5	20	1297746
2595.492	0.0	+37.5	20	1297746
2596.568	0.0	adapter	1	1298284
2596.568	0.0	adapter	1	1298284
2597.592	0.0	+12.5	22	1298796
2597.592	0.0	+12.5	22	1298796
2598.668	0.0	adapter	1	1299334
2598.668	0.0	adapter	1	1299334
2599.692	0.0	-37.5	26	1299846
2599.692	0.0	-37.5	26	1299846
2612.1	0.0	adapter	1	1306050
2612.1	0.0	adapter	1	1306050
2613.124	0.0	+37.5_t	10	1306562
2613.124	0.0	+37.5_t	10	1306562
2614.208	0.0	adapter	1	1307104
2614.208	0.0	adapter	1	1307104
2615.232	0.0	-12.5	24	1307616
2615.232	0.0	-12.5	24	1307616
2616.338	0.0	adapter	1	1308169
2616.338	0.0	adapter	1	1308169
2617.362	0.0	+12.5	22	1308681
2617.362	0.0	+12.5	22	1308681
2618.446	0.0	adapter	1	1309223
2618.446	0.0	adapter	1	1309223
2619.47	0.0	-12.5	24	1309735
2619.47	0.0	-12.5	24	1309735
2620.558	0.0	adapter	1	1310279
2620.558	0.0	adapter	1	1310279
2621.582	0.0	+37.5	20	1310791
2621.582	0.0	+37.5	20	1310791
2622.66	0.0	adapter	1	1311330
2622.66	0.0	adapter	1	1311330
2623.684	0.0	-37.5	26	1311842
2623.684	0.0	-37.5	26	1311842
2624.76	0.0	adapter	1	1312380
2624.76	0.0	adapter	1	1312380
2625.784	0.0	-12.5	24	1312892
2625.784	0.0	-12.5	24	1312892
2626.85	0.0	adapter	1	1313425
2626.85	0.0	adapter	1	1313425
2627.874	0.0	-37.5	26	1313937
2627.874	0.0	-37.5	26	1313937
2628.936	0.0	adapter	1	1314468
2628.936	0.0	adapter	1	1314468
2629.96	0.0	+12.5	22	1314980
2629.96	0.0	+12.5	22	1314980
2631.242	0.0	adapter	1	1315621
2631.242	0.0	adapter	1	1315621
2632.266	0.0	+37.5	20	1316133
2632.266	0.0	+37.5	20	1316133
2633.334	0.0	adapter	1	1316667
2633.334	0.0	adapter	1	1316667
2634.358	0.0	-12.5	24	1317179
2634.358	0.0	-12.5	24	1317179
2635.43	0.0	adapter	1	1317715
2635.43	0.0	adapter	1	1317715
2636.454	0.0	-37.5	26	1318227
2636.454	0.0	-37.5	26	1318227
2637.544	0.0	adapter	1	1318772
2637.544	0.0	adapter	1	1318772
2638.568	0.0	+37.5	20	1319284
2638.568	0.0	+37.5	20	1319284
2639.624	0.0	adapter	1	1319812
2639.624	0.0	adapter	1	1319812
2640.648	0.0	+12.5	22	1320324
2640.648	0.0	+12.5	22	1320324
2641.724	0.0	adapter	1	1320862
2641.724	0.0	adapter	1	1320862
2642.748	0.0	-12.5	24	1321374
2642.748	0.0	-12.5	24	1321374
2643.818	0.0	adapter	1	1321909
2643.818	0.0	adapter	1	1321909
2644.842	0.0	-37.5	26	1322421
2644.842	0.0	-37.5	26	1322421
2645.922	0.0	adapter	1	1322961
2645.922	0.0	adapter	1	1322961
2646.946	0.0	+37.5	20	1323473
2646.946	0.0	+37.5	20	1323473
2648.026	0.0	adapter	1	1324013
2648.026	0.0	adapter	1	1324013
2649.05	0.0	+12.5	22	1324525
2649.05	0.0	+12.5	22	1324525
2650.124	0.0	adapter	1	1325062
2650.124	0.0	adapter	1	1325062
2651.148	0.0	+37.5	20	1325574
2651.148	0.0	+37.5	20	1325574
2652.214	0.0	adapter	1	1326107
2652.214	0.0	adapter	1	1326107
2653.238	0.0	-12.5	24	1326619
2653.238	0.0	-12.5	24	1326619
2660.96	0.0	adapter	1	1330480
2660.96	0.0	adapter	1	1330480
2661.984	0.0	+12.5_t	12	1330992
2661.984	0.0	+12.5_t	12	1330992
2663.058	0.0	adapter	1	1331529
2663.058	0.0	adapter	1	1331529
2664.082	0.0	-37.5	26	1332041
2664.082	0.0	-37.5	26	1332041
2665.174	0.0	adapter	1	1332587
2665.174	0.0	adapter	1	1332587
2666.198	0.0	+37.5	20	1333099
2666.198	0.0	+37.5	20	1333099
2667.268	0.0	adapter	1	1333634
2667.268	0.0	adapter	1	1333634
2668.292	0.0	+12.5	22	1334146
2668.292	0.0	+12.5	22	1334146
2669.368	0.0	adapter	1	1334684
2669.368	0.0	adapter	1	1334684
2670.392	0.0	-12.5	24	1335196
2670.392	0.0	-12.5	24	1335196
2671.446	0.0	adapter	1	1335723
2671.446	0.0	adapter	1	1335723
2672.47	0.0	-37.5	26	1336235
2672.47	0.0	-37.5	26	1336235
2673.546	0.0	adapter	1	1336773
2673.546	0.0	adapter	1	1336773
2674.57	0.0	-12.5	24	1337285
2674.57	0.0	-12.5	24	1337285
2675.626	0.0	adapter	1	1337813
2675.626	0.0	adapter	1	1337813
2676.65	0.0	+12.5	22	1338325
2676.65	0.0	+12.5	22	1338325
2677.742	0.0	adapter	1	1338871
2677.742	0.0	adapter	1	1338871
2678.766	0.0	+37.5	20	1339383
2678.766	0.0	+37.5	20	1339383
2679.836	0.0	adapter	1	1339918
2679.836	0.0	adapter	1	1339918
2680.86	0.0	-37.5	26	1340430
2680.86	0.0	-37.5	26	1340430
2681.954	0.0	adapter	1	1340977
2681.954	0.0	adapter	1	1340977
2682.978	0.0	+12.5	22	1341489
2682.978	0.0	+12.5	22	1341489
2684.058	0.0	adapter	1	1342029
2684.058	0.0	adapter	1	1342029
2685.082	0.0	-12.5	24	1342541
2685.082	0.0	-12.5	24	1342541
2686.162	0.0	adapter	1	1343081
2686.162	0.0	adapter	1	1343081
2687.186	0.0	-37.5	26	1343593
2687.186	0.0	-37.5	26	1343593
2688.248	0.0	adapter	1	1344124
2688.248	0.0	adapter	1	1344124
2689.272	0.0	+37.5	20	1344636
2689.272	0.0	+37.5	20	1344636
2690.334	0.0	adapter	1	1345167
2690.334	0.0	adapter	1	1345167
2691.358	0.0	-12.5	24	1345679
2691.358	0.0	-12.5	24	1345679
2692.444	0.0	adapter	1	1346222
2692.444	0.0	adapter	1	1346222
2693.468	0.0	+12.5	22	1346734
2693.468	0.0	+12.5	22	1346734
2694.55	0.0	adapter	1	1347275
2694.55	0.0	adapter	1	1347275
2695.574	0.0	+37.5	20	1347787
2695.574	0.0	+37.5	20	1347787
2696.626	0.0	adapter	1	1348313
2696.626	0.0	adapter	1	1348313
2697.65	0.0	-37.5	26	1348825
2697.65	0.0	-37.5	26	1348825
2698.732	0.0	adapter	1	1349366
2698.732	0.0	adapter	1	1349366
2699.756	0.0	-12.5	24	1349878
2699.756	0.0	-12.5	24	1349878
2708.202	0.0	adapter	1	1354101
2708.202	0.0	adapter	1	1354101
2709.226	0.0	-37.5_t	16	1354613
2709.226	0.0	-37.5_t	16	1354613
2710.302	0.0	adapter	1	1355151
2710.302	0.0	adapter	1	1355151
2711.326	0.0	+12.5	22	1355663
2711.326	0.0	+12.5	22	1355663
2712.43	0.0	adapter	1	1356215
2712.43	0.0	adapter	1	1356215
2713.454	0.0	+37.5	20	1356727
2713.454	0.0	+37.5	20	1356727
2716.136	0.0	adapter	1	1358068
2716.136	0.0	adapter	1	1358068
2717.16	0.0	+12.5	22	1358580
2717.16	0.0	+12.5	22	1358580
2718.272	0.0	adapter	1	1359136
2718.272	0.0	adapter	1	1359136
2719.296	0.0	-37.5	26	1359648
2719.296	0.0	-37.5	26	1359648
2720.37	0.0	adapter	1	1360185
2720.37	0.0	adapter	1	1360185
2721.394	0.0	+37.5	20	1360697
2721.394	0.0	+37.5	20	1360697
2722.45	0.0	adapter	1	1361225
2722.45	0.0	adapter	1	1361225
2723.474	0.0	-12.5	24	1361737
2723.474	0.0	-12.5	24	1361737
2726.54	0.0	adapter	1	1363270
2726.54	0.0	adapter	1	1363270
2727.564	0.0	+37.5	20	1363782
2727.564	0.0	+37.5	20	1363782
2728.648	0.0	adapter	1	1364324
2728.648	0.0	adapter	1	1364324
2729.672	0.0	+12.5	22	1364836
2729.672	0.0	+12.5	22	1364836
2730.734	0.0	adapter	1	1365367
2730.734	0.0	adapter	1	1365367
2731.758	0.0	-12.5	24	1365879
2731.758	0.0	-12.5	24	1365879
2732.838	0.0	adapter	1	1366419
2732.838	0.0	adapter	1	1366419
2733.862	0.0	-37.5	26	1366931
2733.862	0.0	-37.5	26	1366931
2734.944	0.0	adapter	1	1367472
2734.944	0.0	adapter	1	1367472
2735.968	0.0	+12.5	22	1367984
2735.968	0.0	+12.5	22	1367984
2737.04	0.0	adapter	1	1368520
2737.04	0.0	adapter	1	1368520
2738.064	0.0	+37.5	20	1369032
2738.064	0.0	+37.5	20	1369032
2753.732	0.0	adapter	1	1376866
2753.732	0.0	adapter	1	1376866
2754.756	0.0	-12.5_t	14	1377378
2754.756	0.0	-12.5_t	14	1377378
2755.848	0.0	adapter	1	1377924
2755.848	0.0	adapter	1	1377924
2756.872	0.0	-37.5	26	1378436
2756.872	0.0	-37.5	26	1378436
2757.96	0.0	adapter	1	1378980
2757.96	0.0	adapter	1	1378980
2758.984	0.0	+37.5	20	1379492
2758.984	0.0	+37.5	20	1379492
2760.06	0.0	adapter	1	1380030
2760.06	0.0	adapter	1	1380030
2761.084	0.0	-12.5	24	1380542
2761.084	0.0	-12.5	24	1380542
2762.166	0.0	adapter	1	1381083
2762.166	0.0	adapter	1	1381083
2763.19	0.0	+12.5	22	1381595
2763.19	0.0	+12.5	22	1381595
2764.26	0.0	adapter	1	1382130
2764.26	0.0	adapter	1	1382130
2765.284	0.0	-37.5	26	1382642
2765.284	0.0	-37.5	26	1382642
2766.37	0.0	adapter	1	1383185
2766.37	0.0	adapter	1	1383185
2767.394	0.0	+12.5	22	1383697
2767.394	0.0	+12.5	22	1383697
2768.466	0.0	adapter	1	1384233
2768.466	0.0	adapter	1	1384233
2769.49	0.0	-37.5	26	1384745
2769.49	0.0	-37.5	26	1384745
2770.562	0.0	adapter	1	1385281
2770.562	0.0	adapter	1	1385281
2771.586	0.0	-12.5	24	1385793
2771.586	0.0	-12.5	24	1385793
2772.654	0.0	adapter	1	1386327
2772.654	0.0	adapter	1	1386327
2773.678	0.0	+37.5	20	1386839
2773.678	0.0	+37.5	20	1386839
2774.738	0.0	adapter	1	1387369
2774.738	0.0	adapter	1	1387369
2775.762	0.0	+12.5	22	1387881
2775.762	0.0	+12.5	22	1387881
2776.848	0.0	adapter	1	1388424
2776.848	0.0	adapter	1	1388424
2777.872	0.0	+37.5	20	1388936
2777.872	0.0	+37.5	20	1388936
2778.96	0.0	adapter	1	1389480
2778.96	0.0	adapter	1	1389480
2779.984	0.0	-12.5	24	1389992
2779.984	0.0	-12.5	24	1389992
2781.052	0.0	adapter	1	1390526
2781.052	0.0	adapter	1	1390526
2782.076	0.0	-37.5	26	1391038
2782.076	0.0	-37.5	26	1391038
2784.502	0.0	adapter	1	1392251
2784.502	0.0	adapter	1	1392251
2785.526	0.0	+12.5	22	1392763
2785.526	0.0	+12.5	22	1392763
2786.598	0.0	adapter	1	1393299
2786.598	0.0	adapter	1	1393299
2787.622	0.0	+37.5	20	1393811
2787.622	0.0	+37.5	20	1393811
2788.694	0.0	adapter	1	1394347
2788.694	0.0	adapter	1	1394347
2789.718	0.0	-12.5	24	1394859
2789.718	0.0	-12.5	24	1394859
2790.78	0.0	adapter	1	1395390
2790.78	0.0	adapter	1	1395390
2791.804	0.0	-37.5	26	1395902
2791.804	0.0	-37.5	26	1395902
2792.954	0.0	adapter	1	1396477
2792.954	0.0	adapter	1	1396477
2793.978	0.0	+12.5	22	1396989
2793.978	0.0	+12.5	22	1396989
2795.064	0.0	adapter	1	1397532
2795.064	0.0	adapter	1	1397532
2796.088	0.0	-37.5	26	1398044
2796.088	0.0	-37.5	26	1398044
2797.158	0.0	adapter	1	1398579
2797.158	0.0	adapter	1	1398579
2798.182	0.0	-12.5	24	1399091
2798.182	0.0	-12.5	24	1399091
2799.266	0.0	adapter	1	1399633
2799.266	0.0	adapter	1	1399633
2800.29	0.0	+37.5	20	1400145
2800.29	0.0	+37.5	20	1400145
2801.374	0.0	adapter	1	1400687
2801.374	0.0	adapter	1	1400687
2802.398	0.0	-37.5	26	1401199
2802.398	0.0	-37.5	26	1401199
2803.498	0.0	adapter	1	1401749
2803.498	0.0	adapter	1	1401749
2804.522	0.0	-12.5	24	1402261
2804.522	0.0	-12.5	24	1402261
2805.606	0.0	adapter	1	1402803
2805.606	0.0	adapter	1	1402803
2806.63	0.0	+12.5	22	1403315
2806.63	0.0	+12.5	22	1403315
2814.326	0.0	adapter	1	1407163
2814.326	0.0	adapter	1	1407163
2815.35	0.0	+37.5_t	10	1407675
2815.35	0.0	+37.5_t	10	1407675
2816.426	0.0	adapter	1	1408213
2816.426	0.0	adapter	1	1408213
2817.45	0.0	-12.5	24	1408725
2817.45	0.0	-12.5	24	1408725
2818.512	0.0	adapter	1	1409256
2818.512	0.0	adapter	1	1409256
2819.536	0.0	+12.5	22	1409768
2819.536	0.0	+12.5	22	1409768
2820.62	0.0	adapter	1	1410310
2820.62	0.0	adapter	1	1410310
2821.644	0.0	+37.5	20	1410822
2821.644	0.0	+37.5	20	1410822
2822.704	0.0	adapter	1	1411352
2822.704	0.0	adapter	1	1411352
2823.728	0.0	-37.5	26	1411864
2823.728	0.0	-37.5	26	1411864
2824.812	0.0	adapter	1	1412406
2824.812	0.0	adapter	1	1412406
2825.836	0.0	+37.5	20	1412918
2825.836	0.0	+37.5	20	1412918
2826.896	0.0	adapter	1	1413448
2826.896	0.0	adapter	1	1413448
2827.92	0.0	+12.5	22	1413960
2827.92	0.0	+12.5	22	1413960
2828.994	0.0	adapter	1	1414497
2828.994	0.0	adapter	1	1414497
2830.018	0.0	-12.5	24	1415009
2830.018	0.0	-12.5	24	1415009
2831.098	0.0	adapter	1	1415549
2831.098	0.0	adapter	1	1415549
2832.122	0.0	-37.5	26	1416061
2832.122	0.0	-37.5	26	1416061
2833.194	0.0	adapter	1	1416597
2833.194	0.0	adapter	1	1416597
2834.218	0.0	-12.5	24	1417109
2834.218	0.0	-12.5	24	1417109
2835.286	0.0	adapter	1	1417643
2835.286	0.0	adapter	1	1417643
2836.31	0.0	+37.5	20	1418155
2836.31	0.0	+37.5	20	1418155
2837.388	0.0	adapter	1	1418694
2837.388	0.0	adapter	1	1418694
2838.412	0.0	-37.5	26	1419206
2838.412	0.0	-37.5	26	1419206
2839.5	0.0	adapter	1	1419750
2839.5	0.0	adapter	1	1419750
2840.524	0.0	+12.5	22	1420262
2840.524	0.0	+12.5	22	1420262
2841.6	0.0	adapter	1	1420800
2841.6	0.0	adapter	1	1420800
2842.624	0.0	+37.5	20	1421312
2842.624	0.0	+37.5	20	1421312
2843.696	0.0	adapter	1	1421848
2843.696	0.0	adapter	1	1421848
2844.72	0.0	-37.5	26	1422360
2844.72	0.0	-37.5	26	1422360
2845.78	0.0	adapter	1	1422890
2845.78	0.0	adapter	1	1422890
2846.804	0.0	+12.5	22	1423402
2846.804	0.0	+12.5	22	1423402
2847.868	0.0	adapter	1	1423934
2847.868	0.0	adapter	1	1423934
2848.892	0.0	-12.5	24	1424446
2848.892	0.0	-12.5	24	1424446
2854.492	0.0	adapter	1	1427246
2854.492	0.0	adapter	1	1427246
2855.516	0.0	-37.5	26	1427758
2855.516	0.0	-37.5	26	1427758
2856.592	0.0	adapter	1	1428296
2856.592	0.0	adapter	1	1428296
2857.616	0.0	+37.5	20	1428808
2857.616	0.0	+37.5	20	1428808
2858.702	0.0	adapter	1	1429351
2858.702	0.0	adapter	1	1429351
2859.726	0.0	-12.5	24	1429863
2859.726	0.0	-12.5	24	1429863
2879.422	0.0	adapter	1	1439711
2879.422	0.0	adapter	1	1439711
2880.446	0.0	+12.5_t	12	1440223
2880.446	0.0	+12.5_t	12	1440223
2881.758	0.0	adapter	1	1440879
2881.758	0.0	adapter	1	1440879
2882.782	0.0	-37.5	26	1441391
2882.782	0.0	-37.5	26	1441391
2883.856	0.0	adapter	1	1441928
2883.856	0.0	adapter	1	1441928
2884.88	0.0	+12.5	22	1442440
2884.88	0.0	+12.5	22	1442440
2885.958	0.0	adapter	1	1442979
2885.958	0.0	adapter	1	1442979
2886.982	0.0	-12.5	24	1443491
2886.982	0.0	-12.5	24	1443491
2888.046	0.0	adapter	1	1444023
2888.046	0.0	adapter	1	1444023
2889.07	0.0	+37.5	20	1444535
2889.07	0.0	+37.5	20	1444535
2890.154	0.0	adapter	1	1445077
2890.154	0.0	adapter	1	1445077
2891.178	0.0	-37.5	26	1445589
2891.178	0.0	-37.5	26	1445589
2892.238	0.0	adapter	1	1446119
2892.238	0.0	adapter	1	1446119
2893.262	0.0	+12.5	22	1446631
2893.262	0.0	+12.5	22	1446631
2894.336	0.0	adapter	1	1447168
2894.336	0.0	adapter	1	1447168
2895.36	0.0	-12.5	24	1447680
2895.36	0.0	-12.5	24	1447680
2896.424	0.0	adapter	1	1448212
2896.424	0.0	adapter	1	1448212
2897.448	0.0	+37.5	20	1448724
2897.448	0.0	+37.5	20	1448724
2898.518	0.0	adapter	1	1449259
2898.518	0.0	adapter	1	1449259
2899.542	0.0	+12.5	22	1449771
2899.542	0.0	+12.5	22	1449771
2900.62	0.0	adapter	1	1450310
2900.62	0.0	adapter	1	1450310
2901.644	0.0	-37.5	26	1450822
2901.644	0.0	-37.5	26	1450822
2902.71	0.0	adapter	1	1451355
2902.71	0.0	adapter	1	1451355
2903.734	0.0	+37.5	20	1451867
2903.734	0.0	+37.5	20	1451867
2904.82	0.0	adapter	1	1452410
2904.82	0.0	adapter	1	1452410
2905.844	0.0	-12.5	24	1452922
2905.844	0.0	-12.5	24	1452922
2906.924	0.0	adapter	1	1453462
2906.924	0.0	adapter	1	1453462
2907.948	0.0	-37.5	26	1453974
2907.948	0.0	-37.5	26	1453974
2909.016	0.0	adapter	1	1454508
2909.016	0.0	adapter	1	1454508
2910.04	0.0	+12.5	22	1455020
2910.04	0.0	+12.5	22	1455020
2911.126	0.0	adapter	1	1455563
2911.126	0.0	adapter	1	1455563
2912.15	0.0	+37.5	20	1456075
2912.15	0.0	+37.5	20	1456075
2913.22	0.0	adapter	1	1456610
2913.22	0.0	adapter	1	1456610
2914.244	0.0	-12.5	24	1457122
2914.244	0.0	-12.5	24	1457122
2915.336	0.0	adapter	1	1457668
2915.336	0.0	adapter	1	1457668
2916.36	0.0	+12.5	22	1458180
2916.36	0.0	+12.5	22	1458180
2917.44	0.0	adapter	1	1458720
2917.44	0.0	adapter	1	1458720
2918.464	0.0	-37.5	26	1459232
2918.464	0.0	-37.5	26	1459232
2919.54	0.0	adapter	1	1459770
2919.54	0.0	adapter	1	1459770
2920.564	0.0	+37.5	20	1460282
2920.564	0.0	+37.5	20	1460282
2921.648	0.0	adapter	1	1460824
2921.648	0.0	adapter	1	1460824
2922.672	0.0	-12.5	24	1461336
2922.672	0.0	-12.5	24	1461336
2923.764	0.0	adapter	1	1461882
2923.764	0.0	adapter	1	1461882
2924.788	0.0	-37.5	26	1462394
2924.788	0.0	-37.5	26	1462394
2936.648	0.0	adapter	1	1468324
2936.648	0.0	adapter	1	1468324
2937.672	0.0	+37.5_t	10	1468836
2937.672	0.0	+37.5_t	10	1468836
2938.73	0.0	adapter	1	1469365
2938.73	0.0	adapter	1	1469365
2939.754	0.0	-12.5	24	1469877
2939.754	0.0	-12.5	24	1469877
2940.836	0.0	adapter	1	1470418
2940.836	0.0	adapter	1	1470418
2941.86	0.0	+12.5	22	1470930
2941.86	0.0	+12.5	22	1470930
2942.95	0.0	adapter	1	1471475
2942.95	0.0	adapter	1	1471475
2943.974	0.0	-12.5	24	1471987
2943.974	0.0	-12.5	24	1471987
2945.058	0.0	adapter	1	1472529
2945.058	0.0	adapter	1	1472529
2946.082	0.0	+12.5	22	1473041
2946.082	0.0	+12.5	22	1473041
2947.148	0.0	adapter	1	1473574
2947.148	0.0	adapter	1	1473574
2948.172	0.0	-37.5	26	1474086
2948.172	0.0	-37.5	26	1474086
2949.25	0.0	adapter	1	1474625
2949.25	0.0	adapter	1	1474625
2950.274	0.0	+37.5	20	1475137
2950.274	0.0	+37.5	20	1475137
2951.364	0.0	adapter	1	1475682
2951.364	0.0	adapter	1	1475682
2952.388	0.0	+12.5	22	1476194
2952.388	0.0	+12.5	22	1476194
2953.456	0.0	adapter	1	1476728
2953.456	0.0	adapter	1	1476728
2954.48	0.0	-37.5	26	1477240
2954.48	0.0	-37.5	26	1477240
2955.562	0.0	adapter	1	1477781
2955.562	0.0	adapter	1	1477781
2956.586	0.0	+37.5	20	1478293
2956.586	0.0	+37.5	20	1478293
2957.644	0.0	adapter	1	1478822
2957.644	0.0	adapter	1	1478822
2958.668	0.0	-12.5	24	1479334
2958.668	0.0	-12.5	24	1479334
2959.774	0.0	adapter	1	1479887
2959.774	0.0	adapter	1	1479887
2960.798	0.0	+12.5	22	1480399
2960.798	0.0	+12.5	22	1480399
2961.884	0.0	adapter	1	1480942
2961.884	0.0	adapter	1	1480942
2962.908	0.0	-12.5	24	1481454
2962.908	0.0	-12.5	24	1481454
2970.732	0.0	adapter	1	1485366
2970.732	0.0	adapter	1	1485366
2971.756	0.0	+37.5_t	10	1485878
2971.756	0.0	+37.5_t	10	1485878
2972.822	0.0	adapter	1	1486411
2972.822	0.0	adapter	1	1486411
2973.846	0.0	-37.5	26	1486923
2973.846	0.0	-37.5	26	1486923
2974.932	0.0	adapter	1	1487466
2974.932	0.0	adapter	1	1487466
2975.956	0.0	+37.5	20	1487978
2975.956	0.0	+37.5	20	1487978
2977.032	0.0	adapter	1	1488516
2977.032	0.0	adapter	1	1488516
2978.056	0.0	-37.5	26	1489028
2978.056	0.0	-37.5	26	1489028
2979.132	0.0	adapter	1	1489566
2979.132	0.0	adapter	1	1489566
2980.156	0.0	+12.5	22	1490078
2980.156	0.0	+12.5	22	1490078
2981.24	0.0	adapter	1	1490620
2981.24	0.0	adapter	1	1490620
2982.264	0.0	-12.5	24	1491132
2982.264	0.0	-12.5	24	1491132
2983.362	0.0	adapter	1	1491681
2983.362	0.0	adapter	1	1491681
2984.386	0.0	+12.5	22	1492193
2984.386	0.0	+12.5	22	1492193
2985.466	0.0	adapter	1	1492733
2985.466	0.0	adapter	1	1492733
2986.49	0.0	-12.5	24	1493245
2986.49	0.0	-12.5	24	1493245
2987.552	0.0	adapter	1	1493776
2987.552	0.0	adapter	1	1493776
2988.578	0.0	-37.5	26	1494289
2988.578	0.0	-37.5	26	1494289
2989.648	0.0	adapter	1	1494824
2989.648	0.0	adapter	1	1494824
2990.672	0.0	+37.5	20	1495336
2990.672	0.0	+37.5	20	1495336
2991.762	0.0	adapter	1	1495881
2991.762	0.0	adapter	1	1495881
2992.786	0.0	-12.5	24	1496393
2992.786	0.0	-12.5	24	1496393
2993.854	0.0	adapter	1	1496927
2993.854	0.0	adapter	1	1496927
2994.878	0.0	+37.5	20	1497439
2994.878	0.0	+37.5	20	1497439
2995.96	0.0	adapter	1	1497980
2995.96	0.0	adapter	1	1497980
2996.984	0.0	-37.5	26	1498492
2996.984	0.0	-37.5	26	1498492
2998.068	0.0	adapter	1	1499034
2998.068	0.0	adapter	1	1499034
2999.092	0.0	+12.5	22	1499546
2999.092	0.0	+12.5	22	1499546
3000.172	0.0	adapter	1	1500086
3000.172	0.0	adapter	1	1500086
3001.196	0.0	+37.5	20	1500598
3001.196	0.0	+37.5	20	1500598
3002.252	0.0	adapter	1	1501126
3002.252	0.0	adapter	1	1501126
3003.276	0.0	+12.5	22	1501638
3003.276	0.0	+12.5	22	1501638
3010.116	0.0	adapter	1	1505058
3010.116	0.0	adapter	1	1505058
3011.14	0.0	-37.5	26	1505570
3011.14	0.0	-37.5	26	1505570
3022.782	0.0	adapter	1	1511391
3022.782	0.0	adapter	1	1511391
3023.806	0.0	-12.5	24	1511903
3023.806	0.0	-12.5	24	1511903
3029.07	0.0	adapter	1	1514535
3029.07	0.0	adapter	1	1514535
3030.094	0.0	+37.5	20	1515047
3030.094	0.0	+37.5	20	1515047
3031.176	0.0	adapter	1	1515588
3031.176	0.0	adapter	1	1515588
3032.2	0.0	-37.5	26	1516100
3032.2	0.0	-37.5	26	1516100
3033.27	0.0	adapter	1	1516635
3033.27	0.0	adapter	1	1516635
3034.294	0.0	-12.5	24	1517147
3034.294	0.0	-12.5	24	1517147
3035.376	0.0	adapter	1	1517688
3035.376	0.0	adapter	1	1517688
3036.4	0.0	+12.5	22	1518200
3036.4	0.0	+12.5	22	1518200
3037.482	0.0	adapter	1	1518741
3037.482	0.0	adapter	1	1518741
3038.506	0.0	-12.5	24	1519253
3038.506	0.0	-12.5	24	1519253
3039.572	0.0	adapter	1	1519786
3039.572	0.0	adapter	1	1519786
3040.596	0.0	+37.5	20	1520298
3040.596	0.0	+37.5	20	1520298
3041.664	0.0	adapter	1	1520832
3041.664	0.0	adapter	1	1520832
3042.688	0.0	-37.5	26	1521344
3042.688	0.0	-37.5	26	1521344
3043.77	0.0	adapter	1	1521885
3043.77	0.0	adapter	1	1521885
3044.794	0.0	+12.5	22	1522397
3044.794	0.0	+12.5	22	1522397
3048.792	0.0	adapter	1	1524396
3048.792	0.0	adapter	1	1524396
3049.816	0.0	+37.5_t	10	1524908
3049.816	0.0	+37.5_t	10	1524908
3050.89	0.0	adapter	1	1525445
3050.89	0.0	adapter	1	1525445
3051.914	0.0	+12.5	22	1525957
3051.914	0.0	+12.5	22	1525957
3052.988	0.0	adapter	1	1526494
3052.988	0.0	adapter	1	1526494
3054.012	0.0	-12.5	24	1527006
3054.012	0.0	-12.5	24	1527006
3055.082	0.0	adapter	1	1527541
3055.082	0.0	adapter	1	1527541
3056.106	0.0	-37.5	26	1528053
3056.106	0.0	-37.5	26	1528053
3057.168	0.0	adapter	1	1528584
3057.168	0.0	adapter	1	1528584
3058.192	0.0	+37.5	20	1529096
3058.192	0.0	+37.5	20	1529096
3059.264	0.0	adapter	1	1529632
3059.264	0.0	adapter	1	1529632
3060.288	0.0	+12.5	22	1530144
3060.288	0.0	+12.5	22	1530144
3061.36	0.0	adapter	1	1530680
3061.36	0.0	adapter	1	1530680
3062.384	0.0	-37.5	26	1531192
3062.384	0.0	-37.5	26	1531192
3063.458	0.0	adapter	1	1531729
3063.458	0.0	adapter	1	1531729
3064.482	0.0	-12.5	24	1532241
3064.482	0.0	-12.5	24	1532241
3065.686	0.0	adapter	1	1532843
3065.686	0.0	adapter	1	1532843
3066.71	0.0	+37.5	20	1533355
3066.71	0.0	+37.5	20	1533355
3067.758	0.0	adapter	1	1533879
3067.758	0.0	adapter	1	1533879
3068.782	0.0	-37.5	26	1534391
3068.782	0.0	-37.5	26	1534391
3069.848	0.0	adapter	1	1534924
3069.848	0.0	adapter	1	1534924
3070.872	0.0	+12.5	22	1535436
3070.872	0.0	+12.5	22	1535436
3071.944	0.0	adapter	1	1535972
3071.944	0.0	adapter	1	1535972
3072.968	0.0	-12.5	24	1536484
3072.968	0.0	-12.5	24	1536484
3074.036	0.0	adapter	1	1537018
3074.036	0.0	adapter	1	1537018
3075.06	0.0	-37.5	26	1537530
3075.06	0.0	-37.5	26	1537530
3076.112	0.0	adapter	1	1538056
3076.112	0.0	adapter	1	1538056
3077.136	0.0	-12.5	24	1538568
3077.136	0.0	-12.5	24	1538568
3078.224	0.0	adapter	1	1539112
3078.224	0.0	adapter	1	1539112
3079.248	0.0	+12.5	22	1539624
3079.248	0.0	+12.5	22	1539624
3080.318	0.0	adapter	1	1540159
3080.318	0.0	adapter	1	1540159
3081.342	0.0	+37.5	20	1540671
3081.342	0.0	+37.5	20	1540671
3082.428	0.0	adapter	1	1541214
3082.428	0.0	adapter	1	1541214
3083.452	0.0	-12.5	24	1541726
3083.452	0.0	-12.5	24	1541726
3084.536	0.0	adapter	1	1542268
3084.536	0.0	adapter	1	1542268
3085.56	0.0	-37.5	26	1542780
3085.56	0.0	-37.5	26	1542780
3086.644	0.0	adapter	1	1543322
3086.644	0.0	adapter	1	1543322
3087.668	0.0	+37.5	20	1543834
3087.668	0.0	+37.5	20	1543834
3088.748	0.0	adapter	1	1544374
3088.748	0.0	adapter	1	1544374
3089.772	0.0	+12.5	22	1544886
3089.772	0.0	+12.5	22	1544886
3090.846	0.0	adapter	1	1545423
3090.846	0.0	adapter	1	1545423
3091.87	0.0	-12.5	24	1545935
3091.87	0.0	-12.5	24	1545935
3092.97	0.0	adapter	1	1546485
3092.97	0.0	adapter	1	1546485
3093.994	0.0	-37.5	26	1546997
3093.994	0.0	-37.5	26	1546997
3095.056	0.0	adapter	1	1547528
3095.056	0.0	adapter	1	1547528
3096.08	0.0	+37.5	20	1548040
3096.08	0.0	+37.5	20	1548040
3097.154	0.0	adapter	1	1548577
3097.154	0.0	adapter	1	1548577
3098.178	0.0	+12.5	22	1549089
3098.178	0.0	+12.5	22	1549089
3104.722	0.0	adapter	1	1552361
3104.722	0.0	adapter	1	1552361
3105.746	0.0	-12.5_t	14	1552873
3105.746	0.0	-12.5_t	14	1552873
3106.812	0.0	adapter	1	1553406
3106.812	0.0	adapter	1	1553406
3107.836	0.0	-37.5	26	1553918
3107.836	0.0	-37.5	26	1553918
3108.924	0.0	adapter	1	1554462
3108.924	0.0	adapter	1	1554462
3109.948	0.0	+37.5	20	1554974
3109.948	0.0	+37.5	20	1554974
3111.008	0.0	adapter	1	1555504
3111.008	0.0	adapter	1	1555504
3112.032	0.0	+12.5	22	1556016
3112.032	0.0	+12.5	22	1556016
3113.122	0.0	adapter	1	1556561
3113.122	0.0	adapter	1	1556561
3114.146	0.0	+37.5	20	1557073
3114.146	0.0	+37.5	20	1557073
3115.226	0.0	adapter	1	1557613
3115.226	0.0	adapter	1	1557613
3116.25	0.0	+12.5	22	1558125
3116.25	0.0	+12.5	22	1558125
3117.318	0.0	adapter	1	1558659
3117.318	0.0	adapter	1	1558659
3118.342	0.0	-12.5	24	1559171
3118.342	0.0	-12.5	24	1559171
3119.412	0.0	adapter	1	1559706
3119.412	0.0	adapter	1	1559706
3120.436	0.0	-37.5	26	1560218
3120.436	0.0	-37.5	26	1560218
3121.504	0.0	adapter	1	1560752
3121.504	0.0	adapter	1	1560752
3122.528	0.0	-12.5	24	1561264
3122.528	0.0	-12.5	24	1561264
3123.588	0.0	adapter	1	1561794
3123.588	0.0	adapter	1	1561794
3124.612	0.0	+37.5	20	1562306
3124.612	0.0	+37.5	20	1562306
3125.71	0.0	adapter	1	1562855
3125.71	0.0	adapter	1	1562855
3126.734	0.0	-37.5	26	1563367
3126.734	0.0	-37.5	26	1563367
3127.804	0.0	adapter	1	1563902
3127.804	0.0	adapter	1	1563902
3128.828	0.0	+12.5	22	1564414
3128.828	0.0	+12.5	22	1564414
3129.916	0.0	adapter	1	1564958
3129.916	0.0	adapter	1	1564958
3130.94	0.0	-37.5	26	1565470
3130.94	0.0	-37.5	26	1565470
3132.028	0.0	adapter	1	1566014
3132.028	0.0	adapter	1	1566014
3133.052	0.0	+12.5	22	1566526
3133.052	0.0	+12.5	22	1566526
3139.28	0.0	adapter	1	1569640
3139.28	0.0	adapter	1	1569640
3140.304	0.0	-12.5_t	14	1570152
3140.304	0.0	-12.5_t	14	1570152
3149.224	0.0	adapter	1	1574612
3149.224	0.0	adapter	1	1574612
3150.248	0.0	+37.5	20	1575124
3150.248	0.0	+37.5	20	1575124
3151.322	0.0	adapter	1	1575661
3151.322	0.0	adapter	1	1575661
3152.346	0.0	-12.5	24	1576173
3152.346	0.0	-12.5	24	1576173
3153.406	0.0	adapter	1	1576703
3153.406	0.0	adapter	1	1576703
3154.43	0.0	+12.5	22	1577215
3154.43	0.0	+12.5	22	1577215
3155.5	0.0	adapter	1	1577750
3155.5	0.0	adapter	1	1577750
3156.524	0.0	-37.5	26	1578262
3156.524	0.0	-37.5	26	1578262
3157.598	0.0	adapter	1	1578799
3157.598	0.0	adapter	1	1578799
3158.622	0.0	+37.5	20	1579311
3158.622	0.0	+37.5	20	1579311
3159.686	0.0	adapter	1	1579843
3159.686	0.0	adapter	1	1579843
3160.71	0.0	-37.5	26	1580355
3160.71	0.0	-37.5	26	1580355
3161.742	0.0	adapter	1	1580871
3161.742	0.0	adapter	1	1580871
3162.766	0.0	+37.5	20	1581383
3162.766	0.0	+37.5	20	1581383
3163.818	0.0	adapter	1	1581909
3163.818	0.0	adapter	1	1581909
3164.842	0.0	-12.5	24	1582421
3164.842	0.0	-12.5	24	1582421
3165.922	0.0	adapter	1	1582961
3165.922	0.0	adapter	1	1582961
3166.946	0.0	+12.5	22	1583473
3166.946	0.0	+12.5	22	1583473
3168.326	0.0	adapter	1	1584163
3168.326	0.0	adapter	1	1584163
3169.35	0.0	-37.5	26	1584675
3169.35	0.0	-37.5	26	1584675
3171.018	0.0	adapter	1	1585509
3171.018	0.0	adapter	1	1585509
3172.042	0.0	+37.5	20	1586021
3172.042	0.0	+37.5	20	1586021
3173.758	0.0	adapter	1	1586879
3173.758	0.0	adapter	1	1586879
3174.782	0.0	-12.5	24	1587391
3174.782	0.0	-12.5	24	1587391
3176.324	0.0	adapter	1	1588162
3176.324	0.0	adapter	1	1588162
3177.348	0.0	+12.5	22	1588674
3177.348	0.0	+12.5	22	1588674
3178.6	0.0	adapter	1	1589300
3178.6	0.0	adapter	1	1589300
3179.624	0.0	+37.5	20	1589812
3179.624	0.0	+37.5	20	1589812
3180.778	0.0	adapter	1	1590389
3180.778	0.0	adapter	1	1590389
3181.802	0.0	+12.5	22	1590901
3181.802	0.0	+12.5	22	1590901
3182.924	0.0	adapter	1	1591462
3182.924	0.0	adapter	1	1591462
3183.948	0.0	-12.5	24	1591974
3183.948	0.0	-12.5	24	1591974
3184.978	0.0	adapter	1	1592489
3184.978	0.0	adapter	1	1592489
3186.002	0.0	-37.5	26	1593001
3186.002	0.0	-37.5	26	1593001
3194.53	0.0	adapter	1	1597265
3194.53	0.0	adapter	1	1597265
3195.554	0.0	-12.5_t	14	1597777
3195.554	0.0	-12.5_t	14	1597777
3196.618	0.0	adapter	1	1598309
3196.618	0.0	adapter	1	1598309
3197.642	0.0	-37.5	26	1598821
3197.642	0.0	-37.5	26	1598821
3198.71	0.0	adapter	1	1599355
3198.71	0.0	adapter	1	1599355
3199.734	0.0	+12.5	22	1599867
3199.734	0.0	+12.5	22	1599867
3203.374	0.0	adapter	1	1601687
3203.374	0.0	adapter	1	1601687
3204.398	0.0	+37.5	20	1602199
3204.398	0.0	+37.5	20	1602199
3205.476	0.0	adapter	1	1602738
3205.476	0.0	adapter	1	1602738
3206.5	0.0	+12.5	22	1603250
3206.5	0.0	+12.5	22	1603250
3207.574	0.0	adapter	1	1603787
3207.574	0.0	adapter	1	1603787
3208.598	0.0	-37.5	26	1604299
3208.598	0.0	-37.5	26	1604299
3209.692	0.0	adapter	1	1604846
3209.692	0.0	adapter	1	1604846
3210.716	0.0	+37.5	20	1605358
3210.716	0.0	+37.5	20	1605358
3211.796	0.0	adapter	1	1605898
3211.796	0.0	adapter	1	1605898
3212.82	0.0	-12.5	24	1606410
3212.82	0.0	-12.5	24	1606410
3213.888	0.0	adapter	1	1606944
3213.888	0.0	adapter	1	1606944
3214.912	0.0	+37.5	20	1607456
3214.912	0.0	+37.5	20	1607456
3215.976	0.0	adapter	1	1607988
3215.976	0.0	adapter	1	1607988
3217.0	0.0	-12.5	24	1608500
3217.0	0.0	-12.5	24	1608500
3219.992	0.0	adapter	1	1609996
3219.992	0.0	adapter	1	1609996
3221.016	0.0	-37.5	26	1610508
3221.016	0.0	-37.5	26	1610508
3222.088	0.0	adapter	1	1611044
3222.088	0.0	adapter	1	1611044
3223.112	0.0	+12.5	22	1611556
3223.112	0.0	+12.5	22	1611556
3224.188	0.0	adapter	1	1612094
3224.188	0.0	adapter	1	1612094
3225.212	0.0	-37.5	26	1612606
3225.212	0.0	-37.5	26	1612606
3226.288	0.0	adapter	1	1613144
3226.288	0.0	adapter	1	1613144
3227.312	0.0	+12.5	22	1613656
3227.312	0.0	+12.5	22	1613656
3228.392	0.0	adapter	1	1614196
3228.392	0.0	adapter	1	1614196
3229.416	0.0	+37.5	20	1614708
3229.416	0.0	+37.5	20	1614708
3230.476	0.0	adapter	1	1615238
3230.476	0.0	adapter	1	1615238
3231.5	0.0	-12.5	24	1615750
3231.5	0.0	-12.5	24	1615750
3232.574	0.0	adapter	1	1616287
3232.574	0.0	adapter	1	1616287
3233.598	0.0	-37.5	26	1616799
3233.598	0.0	-37.5	26	1616799
3234.674	0.0	adapter	1	1617337
3234.674	0.0	adapter	1	1617337
3235.698	0.0	+37.5	20	1617849
3235.698	0.0	+37.5	20	1617849
3236.772	0.0	adapter	1	1618386
3236.772	0.0	adapter	1	1618386
3237.796	0.0	-12.5	24	1618898
3237.796	0.0	-12.5	24	1618898
3238.856	0.0	adapter	1	1619428
3238.856	0.0	adapter	1	1619428
3239.88	0.0	+12.5	22	1619940
3239.88	0.0	+12.5	22	1619940
3246.164	0.0	adapter	1	1623082
3246.164	0.0	adapter	1	1623082
3247.188	0.0	-12.5_t	14	1623594
3247.188	0.0	-12.5_t	14	1623594
3248.794	0.0	adapter	1	1624397
3248.794	0.0	adapter	1	1624397
3249.818	0.0	-37.5	26	1624909
3249.818	0.0	-37.5	26	1624909
3251.44	0.0	adapter	1	1625720
3251.44	0.0	adapter	1	1625720
3252.464	0.0	+12.5	22	1626232
3252.464	0.0	+12.5	22	1626232
3256.432	0.0	adapter	1	1628216
3256.432	0.0	adapter	1	1628216
3257.456	0.0	+37.5	20	1628728
3257.456	0.0	+37.5	20	1628728
3258.798	0.0	adapter	1	1629399
3258.798	0.0	adapter	1	1629399
3259.822	0.0	+12.5	22	1629911
3259.822	0.0	+12.5	22	1629911
3261.5	0.0	adapter	1	1630750
3261.5	0.0	adapter	1	1630750
3262.524	0.0	-12.5	24	1631262
3262.524	0.0	-12.5	24	1631262
3263.798	0.0	adapter	1	1631899
3263.798	0.0	adapter	1	1631899
3264.822	0.0	+37.5	20	1632411
3264.822	0.0	+37.5	20	1632411
3266.35	0.0	adapter	1	1633175
3266.35	0.0	adapter	1	1633175
3267.374	0.0	-37.5	26	1633687
3267.374	0.0	-37.5	26	1633687
3268.85	0.0	adapter	1	1634425
3268.85	0.0	adapter	1	1634425
3269.874	0.0	+12.5	22	1634937
3269.874	0.0	+12.5	22	1634937
3271.182	0.0	adapter	1	1635591
3271.182	0.0	adapter	1	1635591
3272.206	0.0	-37.5	26	1636103
3272.206	0.0	-37.5	26	1636103
3273.586	0.0	adapter	1	1636793
3273.586	0.0	adapter	1	1636793
3274.61	0.0	+37.5	20	1637305
3274.61	0.0	+37.5	20	1637305
3275.772	0.0	adapter	1	1637886
3275.772	0.0	adapter	1	1637886
3276.796	0.0	-12.5	24	1638398
3276.796	0.0	-12.5	24	1638398
3278.03	0.0	adapter	1	1639015
3278.03	0.0	adapter	1	1639015
3279.054	0.0	+12.5	22	1639527
3279.054	0.0	+12.5	22	1639527
3280.13	0.0	adapter	1	1640065
3280.13	0.0	adapter	1	1640065
3281.154	0.0	-12.5	24	1640577
3281.154	0.0	-12.5	24	1640577
3282.228	0.0	adapter	1	1641114
3282.228	0.0	adapter	1	1641114
3283.252	0.0	-37.5	26	1641626
3283.252	0.0	-37.5	26	1641626
3284.324	0.0	adapter	1	1642162
3284.324	0.0	adapter	1	1642162
3285.348	0.0	+37.5	20	1642674
3285.348	0.0	+37.5	20	1642674
3286.638	0.0	adapter	1	1643319
3286.638	0.0	adapter	1	1643319
3287.662	0.0	+12.5	22	1643831
3287.662	0.0	+12.5	22	1643831
3288.736	0.0	adapter	1	1644368
3288.736	0.0	adapter	1	1644368
3289.76	0.0	-37.5	26	1644880
3289.76	0.0	-37.5	26	1644880
3290.822	0.0	adapter	1	1645411
3290.822	0.0	adapter	1	1645411
3291.846	0.0	+37.5	20	1645923
3291.846	0.0	+37.5	20	1645923
3299.582	0.0	adapter	1	1649791
3299.582	0.0	adapter	1	1649791
3300.606	0.0	-12.5_t	14	1650303
3300.606	0.0	-12.5_t	14	1650303
3301.688	0.0	adapter	1	1650844
3301.688	0.0	adapter	1	1650844
3302.712	0.0	+37.5	20	1651356
3302.712	0.0	+37.5	20	1651356
3303.788	0.0	adapter	1	1651894
3303.788	0.0	adapter	1	1651894
3304.812	0.0	+12.5	22	1652406
3304.812	0.0	+12.5	22	1652406
3305.868	0.0	adapter	1	1652934
3305.868	0.0	adapter	1	1652934
3306.892	0.0	-37.5	26	1653446
3306.892	0.0	-37.5	26	1653446
3307.978	0.0	adapter	1	1653989
3307.978	0.0	adapter	1	1653989
3309.002	0.0	-12.5	24	1654501
3309.002	0.0	-12.5	24	1654501
3310.064	0.0	adapter	1	1655032
3310.064	0.0	adapter	1	1655032
3311.088	0.0	+12.5	22	1655544
3311.088	0.0	+12.5	22	1655544
3312.18	0.0	adapter	1	1656090
3312.18	0.0	adapter	1	1656090
3313.204	0.0	-37.5	26	1656602
3313.204	0.0	-37.5	26	1656602
3314.268	0.0	adapter	1	1657134
3314.268	0.0	adapter	1	1657134
3315.292	0.0	+37.5	20	1657646
3315.292	0.0	+37.5	20	1657646
3316.378	0.0	adapter	1	1658189
3316.378	0.0	adapter	1	1658189
3317.404	0.0	-12.5	24	1658702
3317.404	0.0	-12.5	24	1658702
3318.484	0.0	adapter	1	1659242
3318.484	0.0	adapter	1	1659242
3319.508	0.0	-37.5	26	1659754
3319.508	0.0	-37.5	26	1659754
3320.584	0.0	adapter	1	1660292
3320.584	0.0	adapter	1	1660292
3321.608	0.0	+37.5	20	1660804
3321.608	0.0	+37.5	20	1660804
3322.702	0.0	adapter	1	1661351
3322.702	0.0	adapter	1	1661351
3323.726	0.0	-12.5	24	1661863
3323.726	0.0	-12.5	24	1661863
3324.798	0.0	adapter	1	1662399
3324.798	0.0	adapter	1	1662399
3325.822	0.0	+12.5	22	1662911
3325.822	0.0	+12.5	22	1662911
3326.902	0.0	adapter	1	1663451
3326.902	0.0	adapter	1	1663451
3327.926	0.0	+37.5	20	1663963
3327.926	0.0	+37.5	20	1663963
3329.01	0.0	adapter	1	1664505
3329.01	0.0	adapter	1	1664505
3330.034	0.0	-12.5	24	1665017
3330.034	0.0	-12.5	24	1665017
3331.118	0.0	adapter	1	1665559
3331.118	0.0	adapter	1	1665559
3332.142	0.0	-37.5	26	1666071
3332.142	0.0	-37.5	26	1666071
3333.23	0.0	adapter	1	1666615
3333.23	0.0	adapter	1	1666615
3334.254	0.0	+12.5	22	1667127
3334.254	0.0	+12.5	22	1667127
3335.316	0.0	adapter	1	1667658
3335.316	0.0	adapter	1	1667658
3336.34	0.0	+37.5	20	1668170
3336.34	0.0	+37.5	20	1668170
3337.426	0.0	adapter	1	1668713
3337.426	0.0	adapter	1	1668713
3338.45	0.0	-37.5	26	1669225
3338.45	0.0	-37.5	26	1669225
3339.518	0.0	adapter	1	1669759
3339.518	0.0	adapter	1	1669759
3340.542	0.0	+12.5	22	1670271
3340.542	0.0	+12.5	22	1670271
3341.628	0.0	adapter	1	1670814
3341.628	0.0	adapter	1	1670814
3342.652	0.0	-12.5	24	1671326
3342.652	0.0	-12.5	24	1671326
3353.0	0.0	adapter	1	1676500
3353.0	0.0	adapter	1	1676500
3354.024	0.0	-37.5_t	16	1677012
3354.024	0.0	-37.5_t	16	1677012
3355.082	0.0	adapter	1	1677541
3355.082	0.0	adapter	1	1677541
3356.106	0.0	-12.5	24	1678053
3356.106	0.0	-12.5	24	1678053
3357.204	0.0	adapter	1	1678602
3357.204	0.0	adapter	1	1678602
3358.228	0.0	+37.5	20	1679114
3358.228	0.0	+37.5	20	1679114
3359.284	0.0	adapter	1	1679642
3359.284	0.0	adapter	1	1679642
3360.308	0.0	+12.5	22	1680154
3360.308	0.0	+12.5	22	1680154
3361.362	0.0	adapter	1	1680681
3361.362	0.0	adapter	1	1680681
3362.386	0.0	-12.5	24	1681193
3362.386	0.0	-12.5	24	1681193
3363.458	0.0	adapter	1	1681729
3363.458	0.0	adapter	1	1681729
3364.482	0.0	+37.5	20	1682241
3364.482	0.0	+37.5	20	1682241
3365.558	0.0	adapter	1	1682779
3365.558	0.0	adapter	1	1682779
3366.582	0.0	+12.5	22	1683291
3366.582	0.0	+12.5	22	1683291
3367.646	0.0	adapter	1	1683823
3367.646	0.0	adapter	1	1683823
3368.67	0.0	-37.5	26	1684335
3368.67	0.0	-37.5	26	1684335
3369.762	0.0	adapter	1	1684881
3369.762	0.0	adapter	1	1684881
3370.786	0.0	+12.5	22	1685393
3370.786	0.0	+12.5	22	1685393
3371.838	0.0	adapter	1	1685919
3371.838	0.0	adapter	1	1685919
3372.862	0.0	-37.5	26	1686431
3372.862	0.0	-37.5	26	1686431
3373.926	0.0	adapter	1	1686963
3373.926	0.0	adapter	1	1686963
3374.95	0.0	-12.5	24	1687475
3374.95	0.0	-12.5	24	1687475
3376.006	0.0	adapter	1	1688003
3376.006	0.0	adapter	1	1688003
3377.03	0.0	+37.5	20	1688515
3377.03	0.0	+37.5	20	1688515
3378.102	0.0	adapter	1	1689051
3378.102	0.0	adapter	1	1689051
3379.126	0.0	+12.5	22	1689563
3379.126	0.0	+12.5	22	1689563
3380.19	0.0	adapter	1	1690095
3380.19	0.0	adapter	1	1690095
3381.214	0.0	-12.5	24	1690607
3381.214	0.0	-12.5	24	1690607
3384.18	0.0	adapter	1	1692090
3384.18	0.0	adapter	1	1692090
3385.204	0.0	-37.5	26	1692602
3385.204	0.0	-37.5	26	1692602
3386.27	0.0	adapter	1	1693135
3386.27	0.0	adapter	1	1693135
3387.294	0.0	+37.5	20	1693647
3387.294	0.0	+37.5	20	1693647
3388.378	0.0	adapter	1	1694189
3388.378	0.0	adapter	1	1694189
3389.402	0.0	-12.5	24	1694701
3389.402	0.0	-12.5	24	1694701
3390.48	0.0	adapter	1	1695240
3390.48	0.0	adapter	1	1695240
3391.504	0.0	+12.5	22	1695752
3391.504	0.0	+12.5	22	1695752
3392.57	0.0	adapter	1	1696285
3392.57	0.0	adapter	1	1696285
3393.594	0.0	-37.5	26	1696797
3393.594	0.0	-37.5	26	1696797
3394.664	0.0	adapter	1	1697332
3394.664	0.0	adapter	1	1697332
3395.688	0.0	+37.5	20	1697844
3395.688	0.0	+37.5	20	1697844
3396.754	0.0	adapter	1	1698377
3396.754	0.0	adapter	1	1698377
3397.778	0.0	-37.5	26	1698889
3397.778	0.0	-37.5	26	1698889
3398.848	0.0	adapter	1	1699424
3398.848	0.0	adapter	1	1699424
3399.872	0.0	+37.5	20	1699936
3399.872	0.0	+37.5	20	1699936
3400.922	0.0	adapter	1	1700461
3400.922	0.0	adapter	1	1700461
3401.946	0.0	+12.5	22	1700973
3401.946	0.0	+12.5	22	1700973
3403.03	0.0	adapter	1	1701515
3403.03	0.0	adapter	1	1701515
3404.054	0.0	-12.5	24	1702027
3404.054	0.0	-12.5	24	1702027
3405.132	0.0	adapter	1	1702566
3405.132	0.0	adapter	1	1702566
3406.156	0.0	+37.5	20	1703078
3406.156	0.0	+37.5	20	1703078
3407.234	0.0	adapter	1	1703617
3407.234	0.0	adapter	1	1703617
3408.258	0.0	-12.5	24	1704129
3408.258	0.0	-12.5	24	1704129
3417.322	0.0	adapter	1	1708661
3417.322	0.0	adapter	1	1708661
3418.346	0.0	-37.5_t	16	1709173
3418.346	0.0	-37.5_t	16	1709173
3419.404	0.0	adapter	1	1709702
3419.404	0.0	adapter	1	1709702
3420.428	0.0	+12.5	22	1710214
3420.428	0.0	+12.5	22	1710214
3421.518	0.0	adapter	1	1710759
3421.518	0.0	adapter	1	1710759
3422.542	0.0	+37.5	20	1711271
3422.542	0.0	+37.5	20	1711271
3423.622	0.0	adapter	1	1711811
3423.622	0.0	adapter	1	1711811
3424.646	0.0	-12.5	24	1712323
3424.646	0.0	-12.5	24	1712323
3425.72	0.0	adapter	1	1712860
3425.72	0.0	adapter	1	1712860
3426.744	0.0	+12.5	22	1713372
3426.744	0.0	+12.5	22	1713372
3427.832	0.0	adapter	1	1713916
3427.832	0.0	adapter	1	1713916
3428.856	0.0	-37.5	26	1714428
3428.856	0.0	-37.5	26	1714428
3429.94	0.0	adapter	1	1714970
3429.94	0.0	adapter	1	1714970
3430.964	0.0	+37.5	20	1715482
3430.964	0.0	+37.5	20	1715482
3432.004	0.0	adapter	1	1716002
3432.004	0.0	adapter	1	1716002
3433.028	0.0	+12.5	22	1716514
3433.028	0.0	+12.5	22	1716514
3434.086	0.0	adapter	1	1717043
3434.086	0.0	adapter	1	1717043
3435.11	0.0	-37.5	26	1717555
3435.11	0.0	-37.5	26	1717555
3436.182	0.0	adapter	1	1718091
3436.182	0.0	adapter	1	1718091
3437.206	0.0	-12.5	24	1718603
3437.206	0.0	-12.5	24	1718603
3438.264	0.0	adapter	1	1719132
3438.264	0.0	adapter	1	1719132
3439.288	0.0	+12.5	22	1719644
3439.288	0.0	+12.5	22	1719644
3440.364	0.0	adapter	1	1720182
3440.364	0.0	adapter	1	1720182
3441.388	0.0	-12.5	24	1720694
3441.388	0.0	-12.5	24	1720694
3442.47	0.0	adapter	1	1721235
3442.47	0.0	adapter	1	1721235
3443.494	0.0	-37.5	26	1721747
3443.494	0.0	-37.5	26	1721747
3444.58	0.0	adapter	1	1722290
3444.58	0.0	adapter	1	1722290
3445.604	0.0	+37.5	20	1722802
3445.604	0.0	+37.5	20	1722802
3446.682	0.0	adapter	1	1723341
3446.682	0.0	adapter	1	1723341
3447.706	0.0	+12.5	22	1723853
3447.706	0.0	+12.5	22	1723853
3448.78	0.0	adapter	1	1724390
3448.78	0.0	adapter	1	1724390
3449.804	0.0	-12.5	24	1724902
3449.804	0.0	-12.5	24	1724902
3456.81	0.0	adapter	1	1728405
3456.81	0.0	adapter	1	1728405
3457.834	0.0	-37.5_t	16	1728917
3457.834	0.0	-37.5_t	16	1728917
3458.902	0.0	adapter	1	1729451
3458.902	0.0	adapter	1	1729451
3459.926	0.0	+37.5	20	1729963
3459.926	0.0	+37.5	20	1729963
3460.992	0.0	adapter	1	1730496
3460.992	0.0	adapter	1	1730496
3462.016	0.0	-12.5	24	1731008
3462.016	0.0	-12.5	24	1731008
3463.08	0.0	adapter	1	1731540
3463.08	0.0	adapter	1	1731540
3464.104	0.0	+12.5	22	1732052
3464.104	0.0	+12.5	22	1732052
3465.172	0.0	adapter	1	1732586
3465.172	0.0	adapter	1	1732586
3466.196	0.0	-37.5	26	1733098
3466.196	0.0	-37.5	26	1733098
3467.282	0.0	adapter	1	1733641
3467.282	0.0	adapter	1	1733641
3468.306	0.0	+37.5	20	1734153
3468.306	0.0	+37.5	20	1734153
3469.364	0.0	adapter	1	1734682
3469.364	0.0	adapter	1	1734682
3470.388	0.0	+12.5	22	1735194
3470.388	0.0	+12.5	22	1735194
3471.468	0.0	adapter	1	1735734
3471.468	0.0	adapter	1	1735734
3472.492	0.0	+37.5	20	1736246
3472.492	0.0	+37.5	20	1736246
3473.578	0.0	adapter	1	1736789
3473.578	0.0	adapter	1	1736789
3474.602	0.0	-12.5	24	1737301
3474.602	0.0	-12.5	24	1737301
3475.682	0.0	adapter	1	1737841
3475.682	0.0	adapter	1	1737841
3476.706	0.0	-37.5	26	1738353
3476.706	0.0	-37.5	26	1738353
3477.784	0.0	adapter	1	1738892
3477.784	0.0	adapter	1	1738892
3478.808	0.0	+12.5	22	1739404
3478.808	0.0	+12.5	22	1739404
3479.888	0.0	adapter	1	1739944
3479.888	0.0	adapter	1	1739944
3480.912	0.0	-12.5	24	1740456
3480.912	0.0	-12.5	24	1740456
3481.994	0.0	adapter	1	1740997
3481.994	0.0	adapter	1	1740997
3483.018	0.0	-37.5	26	1741509
3483.018	0.0	-37.5	26	1741509
3484.096	0.0	adapter	1	1742048
3484.096	0.0	adapter	1	1742048
3485.12	0.0	+37.5	20	1742560
3485.12	0.0	+37.5	20	1742560
3486.188	0.0	adapter	1	1743094
3486.188	0.0	adapter	1	1743094
3487.212	0.0	-12.5	24	1743606
3487.212	0.0	-12.5	24	1743606
3488.302	0.0	adapter	1	1744151
3488.302	0.0	adapter	1	1744151
3489.326	0.0	+12.5	22	1744663
3489.326	0.0	+12.5	22	1744663
3490.396	0.0	adapter	1	1745198
3490.396	0.0	adapter	1	1745198
3491.42	0.0	+37.5	20	1745710
3491.42	0.0	+37.5	20	1745710
3492.506	0.0	adapter	1	1746253
3492.506	0.0	adapter	1	1746253
3493.53	0.0	-37.5	26	1746765
3493.53	0.0	-37.5	26	1746765
3494.594	0.0	adapter	1	1747297
3494.594	0.0	adapter	1	1747297
3495.618	0.0	-12.5	24	1747809
3495.618	0.0	-12.5	24	1747809
3496.706	0.0	adapter	1	1748353
3496.706	0.0	adapter	1	1748353
3497.73	0.0	+12.5	22	1748865
3497.73	0.0	+12.5	22	1748865
3508.312	0.0	adapter	1	1754156
3508.312	0.0	adapter	1	1754156
3509.336	0.0	-37.5_t	16	1754668
3509.336	0.0	-37.5_t	16	1754668
3510.41	0.0	adapter	1	1755205
3510.41	0.0	adapter	1	1755205
3511.434	0.0	+37.5	20	1755717
3511.434	0.0	+37.5	20	1755717
3512.518	0.0	adapter	1	1756259
3512.518	0.0	adapter	1	1756259
3513.542	0.0	-37.5	26	1756771
3513.542	0.0	-37.5	26	1756771
3514.614	0.0	adapter	1	1757307
3514.614	0.0	adapter	1	1757307
3515.638	0.0	+37.5	20	1757819
3515.638	0.0	+37.5	20	1757819
3516.722	0.0	adapter	1	1758361
3516.722	0.0	adapter	1	1758361
3517.746	0.0	-12.5	24	1758873
3517.746	0.0	-12.5	24	1758873
3522.4	0.0	adapter	1	1761200
3522.4	0.0	adapter	1	1761200
3523.424	0.0	+12.5	22	1761712
3523.424	0.0	+12.5	22	1761712
3524.51	0.0	adapter	1	1762255
3524.51	0.0	adapter	1	1762255
3525.534	0.0	+37.5	20	1762767
3525.534	0.0	+37.5	20	1762767
3526.642	0.0	adapter	1	1763321
3526.642	0.0	adapter	1	1763321
3527.666	0.0	-37.5	26	1763833
3527.666	0.0	-37.5	26	1763833
3528.74	0.0	adapter	1	1764370
3528.74	0.0	adapter	1	1764370
3529.764	0.0	+12.5	22	1764882
3529.764	0.0	+12.5	22	1764882
3530.836	0.0	adapter	1	1765418
3530.836	0.0	adapter	1	1765418
3531.86	0.0	-12.5	24	1765930
3531.86	0.0	-12.5	24	1765930
3532.934	0.0	adapter	1	1766467
3532.934	0.0	adapter	1	1766467
3533.958	0.0	-37.5	26	1766979
3533.958	0.0	-37.5	26	1766979
3535.028	0.0	adapter	1	1767514
3535.028	0.0	adapter	1	1767514
3536.052	0.0	-12.5	24	1768026
3536.052	0.0	-12.5	24	1768026
3537.138	0.0	adapter	1	1768569
3537.138	0.0	adapter	1	1768569
3538.162	0.0	+12.5	22	1769081
3538.162	0.0	+12.5	22	1769081
3539.218	0.0	adapter	1	1769609
3539.218	0.0	adapter	1	1769609
3540.242	0.0	+37.5	20	1770121
3540.242	0.0	+37.5	20	1770121
3541.322	0.0	adapter	1	1770661
3541.322	0.0	adapter	1	1770661
3542.346	0.0	-37.5	26	1771173
3542.346	0.0	-37.5	26	1771173
3543.418	0.0	adapter	1	1771709
3543.418	0.0	adapter	1	1771709
3544.442	0.0	-12.5	24	1772221
3544.442	0.0	-12.5	24	1772221
3552.194	0.0	adapter	1	1776097
3552.194	0.0	adapter	1	1776097
3553.218	0.0	+12.5_t	12	1776609
3553.218	0.0	+12.5_t	12	1776609
3554.296	0.0	adapter	1	1777148
3554.296	0.0	adapter	1	1777148
3555.32	0.0	+37.5	20	1777660
3555.32	0.0	+37.5	20	1777660
3556.4	0.0	adapter	1	1778200
3556.4	0.0	adapter	1	1778200
3557.424	0.0	-37.5	26	1778712
3557.424	0.0	-37.5	26	1778712
3558.5	0.0	adapter	1	1779250
3558.5	0.0	adapter	1	1779250
3559.524	0.0	+37.5	20	1779762
3559.524	0.0	+37.5	20	1779762
3566.564	0.0	adapter	1	1783282
3566.564	0.0	adapter	1	1783282
3567.588	0.0	+12.5	22	1783794
3567.588	0.0	+12.5	22	1783794
3568.66	0.0	adapter	1	1784330
3568.66	0.0	adapter	1	1784330
3569.684	0.0	-12.5	24	1784842
3569.684	0.0	-12.5	24	1784842
3570.766	0.0	adapter	1	1785383
3570.766	0.0	adapter	1	1785383
3571.79	0.0	+37.5	20	1785895
3571.79	0.0	+37.5	20	1785895
3572.882	0.0	adapter	1	1786441
3572.882	0.0	adapter	1	1786441
3573.906	0.0	-12.5	24	1786953
3573.906	0.0	-12.5	24	1786953
3574.998	0.0	adapter	1	1787499
3574.998	0.0	adapter	1	1787499
3576.022	0.0	-37.5	26	1788011
3576.022	0.0	-37.5	26	1788011
3577.09	0.0	adapter	1	1788545
3577.09	0.0	adapter	1	1788545
3578.114	0.0	+12.5	22	1789057
3578.114	0.0	+12.5	22	1789057
3579.198	0.0	adapter	1	1789599
3579.198	0.0	adapter	1	1789599
3580.222	0.0	+37.5	20	1790111
3580.222	0.0	+37.5	20	1790111
3581.286	0.0	adapter	1	1790643
3581.286	0.0	adapter	1	1790643
3582.31	0.0	+12.5	22	1791155
3582.31	0.0	+12.5	22	1791155
3583.388	0.0	adapter	1	1791694
3583.388	0.0	adapter	1	1791694
3584.412	0.0	-12.5	24	1792206
3584.412	0.0	-12.5	24	1792206
3585.486	0.0	adapter	1	1792743
3585.486	0.0	adapter	1	1792743
3586.51	0.0	-37.5	26	1793255
3586.51	0.0	-37.5	26	1793255
3587.578	0.0	adapter	1	1793789
3587.578	0.0	adapter	1	1793789
3588.602	0.0	+12.5	22	1794301
3588.602	0.0	+12.5	22	1794301
3589.688	0.0	adapter	1	1794844
3589.688	0.0	adapter	1	1794844
3590.712	0.0	+37.5	20	1795356
3590.712	0.0	+37.5	20	1795356
3591.804	0.0	adapter	1	1795902
3591.804	0.0	adapter	1	1795902
3592.828	0.0	-12.5	24	1796414
3592.828	0.0	-12.5	24	1796414
3593.904	0.0	adapter	1	1796952
3593.904	0.0	adapter	1	1796952
3594.928	0.0	-37.5	26	1797464
3594.928	0.0	-37.5	26	1797464
3596.004	0.0	adapter	1	1798002
3596.004	0.0	adapter	1	1798002
3597.028	0.0	+37.5	20	1798514
3597.028	0.0	+37.5	20	1798514
3598.098	0.0	adapter	1	1799049
3598.098	0.0	adapter	1	1799049
3599.122	0.0	+12.5	22	1799561
3599.122	0.0	+12.5	22	1799561
3602.31	0.0	adapter	1	1801155
3602.31	0.0	adapter	1	1801155
3603.334	0.0	-12.5	24	1801667
3603.334	0.0	-12.5	24	1801667
3604.404	0.0	adapter	1	1802202
3604.404	0.0	adapter	1	1802202
3605.428	0.0	-37.5	26	1802714
3605.428	0.0	-37.5	26	1802714
3606.496	0.0	adapter	1	1803248
3606.496	0.0	adapter	1	1803248
3607.52	0.0	+37.5	20	1803760
3607.52	0.0	+37.5	20	1803760
3608.602	0.0	adapter	1	1804301
3608.602	0.0	adapter	1	1804301
3609.626	0.0	+12.5	22	1804813
3609.626	0.0	+12.5	22	1804813
3610.688	0.0	adapter	1	1805344
3610.688	0.0	adapter	1	1805344
3611.712	0.0	-12.5	24	1805856
3611.712	0.0	-12.5	24	1805856
3612.808	0.0	adapter	1	1806404
3612.808	0.0	adapter	1	1806404
3613.832	0.0	-37.5	26	1806916
3613.832	0.0	-37.5	26	1806916
3614.902	0.0	adapter	1	1807451
3614.902	0.0	adapter	1	1807451
3615.926	0.0	-12.5	24	1807963
3615.926	0.0	-12.5	24	1807963
3616.988	0.0	adapter	1	1808494
3616.988	0.0	adapter	1	1808494
3618.012	0.0	+37.5	20	1809006
3618.012	0.0	+37.5	20	1809006
3619.074	0.0	adapter	1	1809537
3619.074	0.0	adapter	1	1809537
3620.098	0.0	+12.5	22	1810049
3620.098	0.0	+12.5	22	1810049
3621.186	0.0	adapter	1	1810593
3621.186	0.0	adapter	1	1810593
3622.21	0.0	-37.5	26	1811105
3622.21	0.0	-37.5	26	1811105
3631.204	0.0	adapter	1	1815602
3631.204	0.0	adapter	1	1815602
3632.228	0.0	+12.5_t	12	1816114
3632.228	0.0	+12.5_t	12	1816114
3633.316	0.0	adapter	1	1816658
3633.316	0.0	adapter	1	1816658
3634.34	0.0	-37.5	26	1817170
3634.34	0.0	-37.5	26	1817170
3635.408	0.0	adapter	1	1817704
3635.408	0.0	adapter	1	1817704
3636.432	0.0	-12.5	24	1818216
3636.432	0.0	-12.5	24	1818216
3637.49	0.0	adapter	1	1818745
3637.49	0.0	adapter	1	1818745
3638.514	0.0	+37.5	20	1819257
3638.514	0.0	+37.5	20	1819257
3639.594	0.0	adapter	1	1819797
3639.594	0.0	adapter	1	1819797
3640.618	0.0	-12.5	24	1820309
3640.618	0.0	-12.5	24	1820309
3641.686	0.0	adapter	1	1820843
3641.686	0.0	adapter	1	1820843
3642.71	0.0	-37.5	26	1821355
3642.71	0.0	-37.5	26	1821355
3645.534	0.0	adapter	1	1822767
3645.534	0.0	adapter	1	1822767
3646.558	0.0	+12.5	22	1823279
3646.558	0.0	+12.5	22	1823279
3647.644	0.0	adapter	1	1823822
3647.644	0.0	adapter	1	1823822
3648.668	0.0	+37.5	20	1824334
3648.668	0.0	+37.5	20	1824334
