onset	duration	trial_type	value	sample
2.89	0.0	37.5 to 12.5	4	1445
2.89	0.0	37.5 to 12.5	4	1445
3.898	0.0	37.5 to -12.5	5	1949
3.898	0.0	37.5 to -12.5	5	1949
4.914	0.0	37.5 to -37.5	6	2457
4.914	0.0	37.5 to -37.5	6	2457
5.93	0.0	37.5 to 12.5	4	2965
5.93	0.0	37.5 to 12.5	4	2965
6.946	0.0	37.5 to -12.5	5	3473
6.946	0.0	37.5 to -12.5	5	3473
7.96	0.0	37.5 to -37.5	6	3980
7.96	0.0	37.5 to -37.5	6	3980
8.976	0.0	37.5 to 12.5	4	4488
8.976	0.0	37.5 to 12.5	4	4488
9.992	0.0	37.5 to -12.5	5	4996
9.992	0.0	37.5 to -12.5	5	4996
11.01	0.0	deviant	10	5505
11.01	0.0	deviant	10	5505
12.024	0.0	37.5 to -37.5	6	6012
12.024	0.0	37.5 to -37.5	6	6012
13.04	0.0	37.5 to -12.5	5	6520
13.04	0.0	37.5 to -12.5	5	6520
14.056	0.0	37.5 to 12.5	4	7028
14.056	0.0	37.5 to 12.5	4	7028
15.07	0.0	37.5 to -37.5	6	7535
15.07	0.0	37.5 to -37.5	6	7535
16.086	0.0	37.5 to 12.5	4	8043
16.086	0.0	37.5 to 12.5	4	8043
17.102	0.0	37.5 to -12.5	5	8551
17.102	0.0	37.5 to -12.5	5	8551
18.118	0.0	37.5 to -37.5	6	9059
18.118	0.0	37.5 to -37.5	6	9059
19.134	0.0	37.5 to 12.5	4	9567
19.134	0.0	37.5 to 12.5	4	9567
20.15	0.0	37.5 to -37.5	6	10075
20.15	0.0	37.5 to -37.5	6	10075
21.168	0.0	37.5 to -12.5	5	10584
21.168	0.0	37.5 to -12.5	5	10584
22.18	0.0	37.5 to -37.5	6	11090
22.18	0.0	37.5 to -37.5	6	11090
23.196	0.0	37.5 to 12.5	4	11598
23.196	0.0	37.5 to 12.5	4	11598
24.214	0.0	deviant	10	12107
24.214	0.0	deviant	10	12107
25.228	0.0	37.5 to -12.5	5	12614
25.228	0.0	37.5 to -12.5	5	12614
26.244	0.0	37.5 to -37.5	6	13122
26.244	0.0	37.5 to -37.5	6	13122
27.26	0.0	37.5 to 12.5	4	13630
27.26	0.0	37.5 to 12.5	4	13630
28.276	0.0	37.5 to -12.5	5	14138
28.276	0.0	37.5 to -12.5	5	14138
29.292	0.0	37.5 to 12.5	4	14646
29.292	0.0	37.5 to 12.5	4	14646
30.306	0.0	37.5 to -37.5	6	15153
30.306	0.0	37.5 to -37.5	6	15153
31.322	0.0	37.5 to -12.5	5	15661
31.322	0.0	37.5 to -12.5	5	15661
32.338	0.0	37.5 to 12.5	4	16169
32.338	0.0	37.5 to 12.5	4	16169
33.354	0.0	37.5 to -12.5	5	16677
33.354	0.0	37.5 to -12.5	5	16677
34.37	0.0	37.5 to -37.5	6	17185
34.37	0.0	37.5 to -37.5	6	17185
35.386	0.0	deviant	10	17693
35.386	0.0	deviant	10	17693
36.402	0.0	-37.5 to -12.5	9	18201
36.402	0.0	-37.5 to -12.5	9	18201
37.422	0.0	-37.5 to 12.5	8	18711
37.422	0.0	-37.5 to 12.5	8	18711
38.434	0.0	-37.5 to 37.5	7	19217
38.434	0.0	-37.5 to 37.5	7	19217
39.448	0.0	-37.5 to -12.5	9	19724
39.448	0.0	-37.5 to -12.5	9	19724
40.464	0.0	-37.5 to 12.5	8	20232
40.464	0.0	-37.5 to 12.5	8	20232
41.48	0.0	-37.5 to 37.5	7	20740
41.48	0.0	-37.5 to 37.5	7	20740
42.496	0.0	-37.5 to 12.5	8	21248
42.496	0.0	-37.5 to 12.5	8	21248
43.512	0.0	-37.5 to -12.5	9	21756
43.512	0.0	-37.5 to -12.5	9	21756
44.528	0.0	-37.5 to 37.5	7	22264
44.528	0.0	-37.5 to 37.5	7	22264
45.544	0.0	-37.5 to -12.5	9	22772
45.544	0.0	-37.5 to -12.5	9	22772
46.558	0.0	-37.5 to 12.5	8	23279
46.558	0.0	-37.5 to 12.5	8	23279
47.574	0.0	-37.5 to 37.5	7	23787
47.574	0.0	-37.5 to 37.5	7	23787
48.59	0.0	-37.5 to -12.5	9	24295
48.59	0.0	-37.5 to -12.5	9	24295
49.606	0.0	-37.5 to 37.5	7	24803
49.606	0.0	-37.5 to 37.5	7	24803
50.622	0.0	-37.5 to 12.5	8	25311
50.622	0.0	-37.5 to 12.5	8	25311
51.638	0.0	-37.5 to 37.5	7	25819
51.638	0.0	-37.5 to 37.5	7	25819
52.654	0.0	-37.5 to -12.5	9	26327
52.654	0.0	-37.5 to -12.5	9	26327
53.67	0.0	-37.5 to 12.5	8	26835
53.67	0.0	-37.5 to 12.5	8	26835
54.67	0.0	-37.5 to 37.5	7	27335
54.67	0.0	-37.5 to 37.5	7	27335
55.67	0.0	-37.5 to -12.5	9	27835
55.67	0.0	-37.5 to -12.5	9	27835
56.67	0.0	-37.5 to 12.5	8	28335
56.67	0.0	-37.5 to 12.5	8	28335
57.67	0.0	-37.5 to 37.5	7	28835
57.67	0.0	-37.5 to 37.5	7	28835
58.67	0.0	-37.5 to -12.5	9	29335
58.67	0.0	-37.5 to -12.5	9	29335
59.67	0.0	-37.5 to 12.5	8	29835
59.67	0.0	-37.5 to 12.5	8	29835
60.67	0.0	-37.5 to -12.5	9	30335
60.67	0.0	-37.5 to -12.5	9	30335
61.686	0.0	-37.5 to 12.5	8	30843
61.686	0.0	-37.5 to 12.5	8	30843
62.702	0.0	-37.5 to 37.5	7	31351
62.702	0.0	-37.5 to 37.5	7	31351
63.716	0.0	-37.5 to -12.5	9	31858
63.716	0.0	-37.5 to -12.5	9	31858
64.732	0.0	-37.5 to 12.5	8	32366
64.732	0.0	-37.5 to 12.5	8	32366
65.748	0.0	-37.5 to 37.5	7	32874
65.748	0.0	-37.5 to 37.5	7	32874
66.764	0.0	37.5 to 12.5	4	33382
66.764	0.0	37.5 to 12.5	4	33382
67.78	0.0	37.5 to -12.5	5	33890
67.78	0.0	37.5 to -12.5	5	33890
68.796	0.0	37.5 to -37.5	6	34398
68.796	0.0	37.5 to -37.5	6	34398
69.812	0.0	deviant	10	34906
69.812	0.0	deviant	10	34906
70.828	0.0	37.5 to 12.5	4	35414
70.828	0.0	37.5 to 12.5	4	35414
71.842	0.0	37.5 to -12.5	5	35921
71.842	0.0	37.5 to -12.5	5	35921
72.858	0.0	37.5 to -37.5	6	36429
72.858	0.0	37.5 to -37.5	6	36429
73.874	0.0	37.5 to -12.5	5	36937
73.874	0.0	37.5 to -12.5	5	36937
74.89	0.0	37.5 to 12.5	4	37445
74.89	0.0	37.5 to 12.5	4	37445
75.906	0.0	deviant	10	37953
75.906	0.0	deviant	10	37953
76.922	0.0	37.5 to -37.5	6	38461
76.922	0.0	37.5 to -37.5	6	38461
77.938	0.0	37.5 to 12.5	4	38969
77.938	0.0	37.5 to 12.5	4	38969
78.952	0.0	37.5 to -37.5	6	39476
78.952	0.0	37.5 to -37.5	6	39476
79.97	0.0	37.5 to -12.5	5	39985
79.97	0.0	37.5 to -12.5	5	39985
80.984	0.0	37.5 to 12.5	4	40492
80.984	0.0	37.5 to 12.5	4	40492
82.002	0.0	deviant	10	41001
82.002	0.0	deviant	10	41001
83.016	0.0	37.5 to -37.5	6	41508
83.016	0.0	37.5 to -37.5	6	41508
84.032	0.0	37.5 to -12.5	5	42016
84.032	0.0	37.5 to -12.5	5	42016
85.048	0.0	37.5 to 12.5	4	42524
85.048	0.0	37.5 to 12.5	4	42524
86.064	0.0	37.5 to -37.5	6	43032
86.064	0.0	37.5 to -37.5	6	43032
87.078	0.0	37.5 to -12.5	5	43539
87.078	0.0	37.5 to -12.5	5	43539
88.094	0.0	37.5 to 12.5	4	44047
88.094	0.0	37.5 to 12.5	4	44047
89.126	0.0	37.5 to -37.5	6	44563
89.126	0.0	37.5 to -37.5	6	44563
90.142	0.0	37.5 to -12.5	5	45071
90.142	0.0	37.5 to -12.5	5	45071
91.158	0.0	37.5 to -37.5	6	45579
91.158	0.0	37.5 to -37.5	6	45579
92.174	0.0	37.5 to 12.5	4	46087
92.174	0.0	37.5 to 12.5	4	46087
93.188	0.0	37.5 to -12.5	5	46594
93.188	0.0	37.5 to -12.5	5	46594
94.204	0.0	37.5 to -37.5	6	47102
94.204	0.0	37.5 to -37.5	6	47102
95.222	0.0	37.5 to -12.5	5	47611
95.222	0.0	37.5 to -12.5	5	47611
96.236	0.0	37.5 to 12.5	4	48118
96.236	0.0	37.5 to 12.5	4	48118
97.252	0.0	37.5 to -12.5	5	48626
97.252	0.0	37.5 to -12.5	5	48626
98.268	0.0	37.5 to 12.5	4	49134
98.268	0.0	37.5 to 12.5	4	49134
99.284	0.0	37.5 to -37.5	6	49642
99.284	0.0	37.5 to -37.5	6	49642
100.298	0.0	-37.5 to 37.5	7	50149
100.298	0.0	-37.5 to 37.5	7	50149
101.314	0.0	-37.5 to 12.5	8	50657
101.314	0.0	-37.5 to 12.5	8	50657
102.332	0.0	deviant	10	51166
102.332	0.0	deviant	10	51166
103.346	0.0	-37.5 to -12.5	9	51673
103.346	0.0	-37.5 to -12.5	9	51673
104.362	0.0	-37.5 to 37.5	7	52181
104.362	0.0	-37.5 to 37.5	7	52181
105.378	0.0	-37.5 to 12.5	8	52689
105.378	0.0	-37.5 to 12.5	8	52689
106.394	0.0	-37.5 to -12.5	9	53197
106.394	0.0	-37.5 to -12.5	9	53197
107.408	0.0	-37.5 to 12.5	8	53704
107.408	0.0	-37.5 to 12.5	8	53704
108.424	0.0	-37.5 to 37.5	7	54212
108.424	0.0	-37.5 to 37.5	7	54212
109.44	0.0	-37.5 to -12.5	9	54720
109.44	0.0	-37.5 to -12.5	9	54720
110.458	0.0	deviant	10	55229
110.458	0.0	deviant	10	55229
111.472	0.0	-37.5 to 37.5	7	55736
111.472	0.0	-37.5 to 37.5	7	55736
112.486	0.0	-37.5 to 12.5	8	56243
112.486	0.0	-37.5 to 12.5	8	56243
113.504	0.0	-37.5 to -12.5	9	56752
113.504	0.0	-37.5 to -12.5	9	56752
114.52	0.0	-37.5 to 12.5	8	57260
114.52	0.0	-37.5 to 12.5	8	57260
115.534	0.0	-37.5 to 37.5	7	57767
115.534	0.0	-37.5 to 37.5	7	57767
116.552	0.0	deviant	10	58276
116.552	0.0	deviant	10	58276
117.566	0.0	-37.5 to -12.5	9	58783
117.566	0.0	-37.5 to -12.5	9	58783
118.582	0.0	-37.5 to 12.5	8	59291
118.582	0.0	-37.5 to 12.5	8	59291
119.598	0.0	-37.5 to 37.5	7	59799
119.598	0.0	-37.5 to 37.5	7	59799
120.614	0.0	-37.5 to -12.5	9	60307
120.614	0.0	-37.5 to -12.5	9	60307
121.63	0.0	-37.5 to 37.5	7	60815
121.63	0.0	-37.5 to 37.5	7	60815
122.644	0.0	-37.5 to 12.5	8	61322
122.644	0.0	-37.5 to 12.5	8	61322
123.66	0.0	-37.5 to -12.5	9	61830
123.66	0.0	-37.5 to -12.5	9	61830
124.692	0.0	-37.5 to 12.5	8	62346
124.692	0.0	-37.5 to 12.5	8	62346
125.724	0.0	-37.5 to 37.5	7	62862
125.724	0.0	-37.5 to 37.5	7	62862
126.754	0.0	-37.5 to -12.5	9	63377
126.754	0.0	-37.5 to -12.5	9	63377
127.772	0.0	-37.5 to 12.5	8	63886
127.772	0.0	-37.5 to 12.5	8	63886
128.786	0.0	-37.5 to 37.5	7	64393
128.786	0.0	-37.5 to 37.5	7	64393
129.802	0.0	-37.5 to -12.5	9	64901
129.802	0.0	-37.5 to -12.5	9	64901
130.818	0.0	-37.5 to 37.5	7	65409
130.818	0.0	-37.5 to 37.5	7	65409
131.834	0.0	-37.5 to -12.5	9	65917
131.834	0.0	-37.5 to -12.5	9	65917
132.85	0.0	-37.5 to 12.5	8	66425
132.85	0.0	-37.5 to 12.5	8	66425
133.864	0.0	37.5 to -37.5	6	66932
133.864	0.0	37.5 to -37.5	6	66932
134.88	0.0	37.5 to 12.5	4	67440
134.88	0.0	37.5 to 12.5	4	67440
135.896	0.0	37.5 to -12.5	5	67948
135.896	0.0	37.5 to -12.5	5	67948
136.912	0.0	37.5 to -37.5	6	68456
136.912	0.0	37.5 to -37.5	6	68456
137.928	0.0	37.5 to 12.5	4	68964
137.928	0.0	37.5 to 12.5	4	68964
138.944	0.0	37.5 to -12.5	5	69472
138.944	0.0	37.5 to -12.5	5	69472
139.96	0.0	37.5 to -37.5	6	69980
139.96	0.0	37.5 to -37.5	6	69980
140.974	0.0	37.5 to 12.5	4	70487
140.974	0.0	37.5 to 12.5	4	70487
141.99	0.0	37.5 to -12.5	5	70995
141.99	0.0	37.5 to -12.5	5	70995
143.006	0.0	37.5 to 12.5	4	71503
143.006	0.0	37.5 to 12.5	4	71503
144.022	0.0	37.5 to -37.5	6	72011
144.022	0.0	37.5 to -37.5	6	72011
145.038	0.0	37.5 to -12.5	5	72519
145.038	0.0	37.5 to -12.5	5	72519
146.054	0.0	37.5 to -37.5	6	73027
146.054	0.0	37.5 to -37.5	6	73027
147.07	0.0	37.5 to -12.5	5	73535
147.07	0.0	37.5 to -12.5	5	73535
148.086	0.0	37.5 to 12.5	4	74043
148.086	0.0	37.5 to 12.5	4	74043
149.1	0.0	37.5 to -12.5	5	74550
149.1	0.0	37.5 to -12.5	5	74550
150.116	0.0	37.5 to 12.5	4	75058
150.116	0.0	37.5 to 12.5	4	75058
151.132	0.0	37.5 to -37.5	6	75566
151.132	0.0	37.5 to -37.5	6	75566
152.164	0.0	37.5 to 12.5	4	76082
152.164	0.0	37.5 to 12.5	4	76082
153.18	0.0	37.5 to -37.5	6	76590
153.18	0.0	37.5 to -37.5	6	76590
154.196	0.0	37.5 to -12.5	5	77098
154.196	0.0	37.5 to -12.5	5	77098
155.21	0.0	37.5 to 12.5	4	77605
155.21	0.0	37.5 to 12.5	4	77605
156.226	0.0	37.5 to -12.5	5	78113
156.226	0.0	37.5 to -12.5	5	78113
157.242	0.0	37.5 to -37.5	6	78621
157.242	0.0	37.5 to -37.5	6	78621
158.258	0.0	37.5 to 12.5	4	79129
158.258	0.0	37.5 to 12.5	4	79129
159.274	0.0	37.5 to -12.5	5	79637
159.274	0.0	37.5 to -12.5	5	79637
160.274	0.0	37.5 to -37.5	6	80137
160.274	0.0	37.5 to -37.5	6	80137
161.29	0.0	37.5 to 12.5	4	80645
161.29	0.0	37.5 to 12.5	4	80645
162.306	0.0	37.5 to -37.5	6	81153
162.306	0.0	37.5 to -37.5	6	81153
163.322	0.0	37.5 to -12.5	5	81661
163.322	0.0	37.5 to -12.5	5	81661
164.336	0.0	-37.5 to 37.5	7	82168
164.336	0.0	-37.5 to 37.5	7	82168
165.352	0.0	-37.5 to 12.5	8	82676
165.352	0.0	-37.5 to 12.5	8	82676
166.368	0.0	-37.5 to -12.5	9	83184
166.368	0.0	-37.5 to -12.5	9	83184
167.384	0.0	-37.5 to 37.5	7	83692
167.384	0.0	-37.5 to 37.5	7	83692
168.4	0.0	-37.5 to 12.5	8	84200
168.4	0.0	-37.5 to 12.5	8	84200
169.416	0.0	-37.5 to -12.5	9	84708
169.416	0.0	-37.5 to -12.5	9	84708
170.432	0.0	-37.5 to 12.5	8	85216
170.432	0.0	-37.5 to 12.5	8	85216
171.446	0.0	-37.5 to -12.5	9	85723
171.446	0.0	-37.5 to -12.5	9	85723
172.462	0.0	-37.5 to 37.5	7	86231
172.462	0.0	-37.5 to 37.5	7	86231
173.478	0.0	-37.5 to -12.5	9	86739
173.478	0.0	-37.5 to -12.5	9	86739
174.494	0.0	-37.5 to 12.5	8	87247
174.494	0.0	-37.5 to 12.5	8	87247
175.51	0.0	-37.5 to 37.5	7	87755
175.51	0.0	-37.5 to 37.5	7	87755
176.526	0.0	-37.5 to 12.5	8	88263
176.526	0.0	-37.5 to 12.5	8	88263
177.542	0.0	-37.5 to -12.5	9	88771
177.542	0.0	-37.5 to -12.5	9	88771
178.558	0.0	-37.5 to 37.5	7	89279
178.558	0.0	-37.5 to 37.5	7	89279
179.574	0.0	-37.5 to 12.5	8	89787
179.574	0.0	-37.5 to 12.5	8	89787
180.588	0.0	-37.5 to -12.5	9	90294
180.588	0.0	-37.5 to -12.5	9	90294
181.604	0.0	-37.5 to 37.5	7	90802
181.604	0.0	-37.5 to 37.5	7	90802
182.624	0.0	-37.5 to 12.5	8	91312
182.624	0.0	-37.5 to 12.5	8	91312
183.636	0.0	-37.5 to 37.5	7	91818
183.636	0.0	-37.5 to 37.5	7	91818
184.652	0.0	-37.5 to -12.5	9	92326
184.652	0.0	-37.5 to -12.5	9	92326
185.668	0.0	-37.5 to 12.5	8	92834
185.668	0.0	-37.5 to 12.5	8	92834
186.682	0.0	-37.5 to -12.5	9	93341
186.682	0.0	-37.5 to -12.5	9	93341
187.698	0.0	-37.5 to 37.5	7	93849
187.698	0.0	-37.5 to 37.5	7	93849
188.714	0.0	-37.5 to 12.5	8	94357
188.714	0.0	-37.5 to 12.5	8	94357
189.73	0.0	-37.5 to 37.5	7	94865
189.73	0.0	-37.5 to 37.5	7	94865
190.746	0.0	-37.5 to -12.5	9	95373
190.746	0.0	-37.5 to -12.5	9	95373
191.762	0.0	-37.5 to 37.5	7	95881
191.762	0.0	-37.5 to 37.5	7	95881
192.778	0.0	-37.5 to -12.5	9	96389
192.778	0.0	-37.5 to -12.5	9	96389
193.792	0.0	-37.5 to 12.5	8	96896
193.792	0.0	-37.5 to 12.5	8	96896
194.808	0.0	37.5 to 12.5	4	97404
194.808	0.0	37.5 to 12.5	4	97404
195.824	0.0	37.5 to -37.5	6	97912
195.824	0.0	37.5 to -37.5	6	97912
196.84	0.0	37.5 to -12.5	5	98420
196.84	0.0	37.5 to -12.5	5	98420
197.856	0.0	37.5 to 12.5	4	98928
197.856	0.0	37.5 to 12.5	4	98928
198.872	0.0	37.5 to -37.5	6	99436
198.872	0.0	37.5 to -37.5	6	99436
199.872	0.0	37.5 to -12.5	5	99936
199.872	0.0	37.5 to -12.5	5	99936
200.872	0.0	37.5 to 12.5	4	100436
200.872	0.0	37.5 to 12.5	4	100436
201.872	0.0	37.5 to -12.5	5	100936
201.872	0.0	37.5 to -12.5	5	100936
202.872	0.0	37.5 to -37.5	6	101436
202.872	0.0	37.5 to -37.5	6	101436
203.872	0.0	37.5 to 12.5	4	101936
203.872	0.0	37.5 to 12.5	4	101936
204.89	0.0	deviant	10	102445
204.89	0.0	deviant	10	102445
205.904	0.0	37.5 to -12.5	5	102952
205.904	0.0	37.5 to -12.5	5	102952
206.92	0.0	37.5 to -37.5	6	103460
206.92	0.0	37.5 to -37.5	6	103460
207.936	0.0	37.5 to -12.5	5	103968
207.936	0.0	37.5 to -12.5	5	103968
208.95	0.0	37.5 to -37.5	6	104475
208.95	0.0	37.5 to -37.5	6	104475
209.966	0.0	37.5 to 12.5	4	104983
209.966	0.0	37.5 to 12.5	4	104983
210.982	0.0	37.5 to -12.5	5	105491
210.982	0.0	37.5 to -12.5	5	105491
211.998	0.0	37.5 to 12.5	4	105999
211.998	0.0	37.5 to 12.5	4	105999
213.014	0.0	37.5 to -37.5	6	106507
213.014	0.0	37.5 to -37.5	6	106507
214.03	0.0	37.5 to 12.5	4	107015
214.03	0.0	37.5 to 12.5	4	107015
215.046	0.0	37.5 to -12.5	5	107523
215.046	0.0	37.5 to -12.5	5	107523
216.062	0.0	37.5 to -37.5	6	108031
216.062	0.0	37.5 to -37.5	6	108031
217.076	0.0	37.5 to 12.5	4	108538
217.076	0.0	37.5 to 12.5	4	108538
218.092	0.0	37.5 to -12.5	5	109046
218.092	0.0	37.5 to -12.5	5	109046
219.108	0.0	37.5 to -37.5	6	109554
219.108	0.0	37.5 to -37.5	6	109554
220.124	0.0	37.5 to 12.5	4	110062
220.124	0.0	37.5 to 12.5	4	110062
221.14	0.0	37.5 to -12.5	5	110570
221.14	0.0	37.5 to -12.5	5	110570
222.156	0.0	37.5 to -37.5	6	111078
222.156	0.0	37.5 to -37.5	6	111078
223.176	0.0	37.5 to 12.5	4	111588
223.176	0.0	37.5 to 12.5	4	111588
224.186	0.0	37.5 to -37.5	6	112093
224.186	0.0	37.5 to -37.5	6	112093
225.202	0.0	37.5 to -12.5	5	112601
225.202	0.0	37.5 to -12.5	5	112601
226.218	0.0	-37.5 to 12.5	8	113109
226.218	0.0	-37.5 to 12.5	8	113109
227.234	0.0	-37.5 to -12.5	9	113617
227.234	0.0	-37.5 to -12.5	9	113617
228.25	0.0	-37.5 to 37.5	7	114125
228.25	0.0	-37.5 to 37.5	7	114125
229.266	0.0	-37.5 to 12.5	8	114633
229.266	0.0	-37.5 to 12.5	8	114633
230.282	0.0	-37.5 to -12.5	9	115141
230.282	0.0	-37.5 to -12.5	9	115141
231.298	0.0	-37.5 to 37.5	7	115649
231.298	0.0	-37.5 to 37.5	7	115649
232.312	0.0	-37.5 to -12.5	9	116156
232.312	0.0	-37.5 to -12.5	9	116156
233.328	0.0	-37.5 to 12.5	8	116664
233.328	0.0	-37.5 to 12.5	8	116664
234.344	0.0	-37.5 to 37.5	7	117172
234.344	0.0	-37.5 to 37.5	7	117172
235.36	0.0	-37.5 to -12.5	9	117680
235.36	0.0	-37.5 to -12.5	9	117680
236.376	0.0	-37.5 to 37.5	7	118188
236.376	0.0	-37.5 to 37.5	7	118188
237.392	0.0	-37.5 to 12.5	8	118696
237.392	0.0	-37.5 to 12.5	8	118696
238.408	0.0	-37.5 to -12.5	9	119204
238.408	0.0	-37.5 to -12.5	9	119204
239.424	0.0	-37.5 to 12.5	8	119712
239.424	0.0	-37.5 to 12.5	8	119712
240.438	0.0	-37.5 to 37.5	7	120219
240.438	0.0	-37.5 to 37.5	7	120219
241.454	0.0	-37.5 to 12.5	8	120727
241.454	0.0	-37.5 to 12.5	8	120727
242.47	0.0	-37.5 to -12.5	9	121235
242.47	0.0	-37.5 to -12.5	9	121235
243.486	0.0	-37.5 to 37.5	7	121743
243.486	0.0	-37.5 to 37.5	7	121743
244.502	0.0	-37.5 to 12.5	8	122251
244.502	0.0	-37.5 to 12.5	8	122251
245.518	0.0	-37.5 to 37.5	7	122759
245.518	0.0	-37.5 to 37.5	7	122759
246.532	0.0	-37.5 to -12.5	9	123266
246.532	0.0	-37.5 to -12.5	9	123266
247.548	0.0	-37.5 to 12.5	8	123774
247.548	0.0	-37.5 to 12.5	8	123774
248.564	0.0	-37.5 to 37.5	7	124282
248.564	0.0	-37.5 to 37.5	7	124282
249.582	0.0	deviant	10	124791
249.582	0.0	deviant	10	124791
250.594	0.0	-37.5 to -12.5	9	125297
250.594	0.0	-37.5 to -12.5	9	125297
251.612	0.0	-37.5 to 12.5	8	125806
251.612	0.0	-37.5 to 12.5	8	125806
252.628	0.0	-37.5 to -12.5	9	126314
252.628	0.0	-37.5 to -12.5	9	126314
253.644	0.0	-37.5 to 37.5	7	126822
253.644	0.0	-37.5 to 37.5	7	126822
254.658	0.0	-37.5 to 12.5	8	127329
254.658	0.0	-37.5 to 12.5	8	127329
255.674	0.0	-37.5 to -12.5	9	127837
255.674	0.0	-37.5 to -12.5	9	127837
256.676	0.0	deviant	10	128338
256.676	0.0	deviant	10	128338
257.69	0.0	-37.5 to 37.5	7	128845
257.69	0.0	-37.5 to 37.5	7	128845
258.706	0.0	37.5 to -37.5	6	129353
258.706	0.0	37.5 to -37.5	6	129353
259.722	0.0	37.5 to 12.5	4	129861
259.722	0.0	37.5 to 12.5	4	129861
260.738	0.0	37.5 to -12.5	5	130369
260.738	0.0	37.5 to -12.5	5	130369
261.754	0.0	37.5 to -37.5	6	130877
261.754	0.0	37.5 to -37.5	6	130877
262.77	0.0	37.5 to 12.5	4	131385
262.77	0.0	37.5 to 12.5	4	131385
263.784	0.0	37.5 to -12.5	5	131892
263.784	0.0	37.5 to -12.5	5	131892
264.8	0.0	37.5 to -37.5	6	132400
264.8	0.0	37.5 to -37.5	6	132400
265.816	0.0	37.5 to 12.5	4	132908
265.816	0.0	37.5 to 12.5	4	132908
266.832	0.0	37.5 to -12.5	5	133416
266.832	0.0	37.5 to -12.5	5	133416
267.848	0.0	37.5 to 12.5	4	133924
267.848	0.0	37.5 to 12.5	4	133924
268.862	0.0	37.5 to -12.5	5	134431
268.862	0.0	37.5 to -12.5	5	134431
269.88	0.0	37.5 to -37.5	6	134940
269.88	0.0	37.5 to -37.5	6	134940
270.894	0.0	37.5 to -12.5	5	135447
270.894	0.0	37.5 to -12.5	5	135447
271.91	0.0	37.5 to 12.5	4	135955
271.91	0.0	37.5 to 12.5	4	135955
272.926	0.0	37.5 to -37.5	6	136463
272.926	0.0	37.5 to -37.5	6	136463
273.942	0.0	37.5 to 12.5	4	136971
273.942	0.0	37.5 to 12.5	4	136971
274.958	0.0	37.5 to -12.5	5	137479
274.958	0.0	37.5 to -12.5	5	137479
275.974	0.0	37.5 to -37.5	6	137987
275.974	0.0	37.5 to -37.5	6	137987
276.99	0.0	37.5 to -12.5	5	138495
276.99	0.0	37.5 to -12.5	5	138495
278.004	0.0	37.5 to -37.5	6	139002
278.004	0.0	37.5 to -37.5	6	139002
279.02	0.0	37.5 to 12.5	4	139510
279.02	0.0	37.5 to 12.5	4	139510
280.036	0.0	37.5 to -12.5	5	140018
280.036	0.0	37.5 to -12.5	5	140018
281.052	0.0	37.5 to 12.5	4	140526
281.052	0.0	37.5 to 12.5	4	140526
282.068	0.0	37.5 to -37.5	6	141034
282.068	0.0	37.5 to -37.5	6	141034
283.084	0.0	deviant	10	141542
283.084	0.0	deviant	10	141542
284.1	0.0	37.5 to -12.5	5	142050
284.1	0.0	37.5 to -12.5	5	142050
285.116	0.0	37.5 to 12.5	4	142558
285.116	0.0	37.5 to 12.5	4	142558
286.13	0.0	37.5 to -37.5	6	143065
286.13	0.0	37.5 to -37.5	6	143065
287.146	0.0	37.5 to -12.5	5	143573
287.146	0.0	37.5 to -12.5	5	143573
288.162	0.0	37.5 to -37.5	6	144081
288.162	0.0	37.5 to -37.5	6	144081
289.178	0.0	37.5 to 12.5	4	144589
289.178	0.0	37.5 to 12.5	4	144589
290.194	0.0	-37.5 to 37.5	7	145097
290.194	0.0	-37.5 to 37.5	7	145097
291.21	0.0	-37.5 to 12.5	8	145605
291.21	0.0	-37.5 to 12.5	8	145605
292.228	0.0	-37.5 to -12.5	9	146114
292.228	0.0	-37.5 to -12.5	9	146114
293.24	0.0	-37.5 to 37.5	7	146620
293.24	0.0	-37.5 to 37.5	7	146620
294.256	0.0	-37.5 to 12.5	8	147128
294.256	0.0	-37.5 to 12.5	8	147128
295.272	0.0	-37.5 to -12.5	9	147636
295.272	0.0	-37.5 to -12.5	9	147636
296.288	0.0	-37.5 to 12.5	8	148144
296.288	0.0	-37.5 to 12.5	8	148144
297.304	0.0	-37.5 to 37.5	7	148652
297.304	0.0	-37.5 to 37.5	7	148652
298.32	0.0	-37.5 to -12.5	9	149160
298.32	0.0	-37.5 to -12.5	9	149160
299.336	0.0	-37.5 to 37.5	7	149668
299.336	0.0	-37.5 to 37.5	7	149668
300.352	0.0	-37.5 to -12.5	9	150176
300.352	0.0	-37.5 to -12.5	9	150176
301.382	0.0	-37.5 to 12.5	8	150691
301.382	0.0	-37.5 to 12.5	8	150691
302.414	0.0	-37.5 to 37.5	7	151207
302.414	0.0	-37.5 to 37.5	7	151207
303.43	0.0	deviant	10	151715
303.43	0.0	deviant	10	151715
304.446	0.0	-37.5 to 12.5	8	152223
304.446	0.0	-37.5 to 12.5	8	152223
305.462	0.0	-37.5 to -12.5	9	152731
305.462	0.0	-37.5 to -12.5	9	152731
306.476	0.0	-37.5 to 12.5	8	153238
306.476	0.0	-37.5 to 12.5	8	153238
307.492	0.0	-37.5 to 37.5	7	153746
307.492	0.0	-37.5 to 37.5	7	153746
308.508	0.0	-37.5 to -12.5	9	154254
308.508	0.0	-37.5 to -12.5	9	154254
309.524	0.0	-37.5 to 12.5	8	154762
309.524	0.0	-37.5 to 12.5	8	154762
310.54	0.0	-37.5 to -12.5	9	155270
310.54	0.0	-37.5 to -12.5	9	155270
311.556	0.0	-37.5 to 37.5	7	155778
311.556	0.0	-37.5 to 37.5	7	155778
312.572	0.0	-37.5 to -12.5	9	156286
312.572	0.0	-37.5 to -12.5	9	156286
313.586	0.0	-37.5 to 12.5	8	156793
313.586	0.0	-37.5 to 12.5	8	156793
314.602	0.0	-37.5 to 37.5	7	157301
314.602	0.0	-37.5 to 37.5	7	157301
315.618	0.0	-37.5 to 12.5	8	157809
315.618	0.0	-37.5 to 12.5	8	157809
316.634	0.0	-37.5 to -12.5	9	158317
316.634	0.0	-37.5 to -12.5	9	158317
317.65	0.0	deviant	10	158825
317.65	0.0	deviant	10	158825
318.666	0.0	-37.5 to 37.5	7	159333
318.666	0.0	-37.5 to 37.5	7	159333
319.682	0.0	-37.5 to 12.5	8	159841
319.682	0.0	-37.5 to 12.5	8	159841
320.696	0.0	-37.5 to -12.5	9	160348
320.696	0.0	-37.5 to -12.5	9	160348
321.712	0.0	-37.5 to 37.5	7	160856
321.712	0.0	-37.5 to 37.5	7	160856
322.728	0.0	37.5 to 12.5	4	161364
322.728	0.0	37.5 to 12.5	4	161364
323.744	0.0	37.5 to -37.5	6	161872
323.744	0.0	37.5 to -37.5	6	161872
324.76	0.0	37.5 to -12.5	5	162380
324.76	0.0	37.5 to -12.5	5	162380
325.776	0.0	37.5 to 12.5	4	162888
325.776	0.0	37.5 to 12.5	4	162888
326.792	0.0	37.5 to -37.5	6	163396
326.792	0.0	37.5 to -37.5	6	163396
327.806	0.0	37.5 to -12.5	5	163903
327.806	0.0	37.5 to -12.5	5	163903
328.822	0.0	37.5 to 12.5	4	164411
328.822	0.0	37.5 to 12.5	4	164411
329.838	0.0	37.5 to -37.5	6	164919
329.838	0.0	37.5 to -37.5	6	164919
330.854	0.0	37.5 to -12.5	5	165427
330.854	0.0	37.5 to -12.5	5	165427
331.87	0.0	37.5 to -37.5	6	165935
331.87	0.0	37.5 to -37.5	6	165935
332.886	0.0	37.5 to 12.5	4	166443
332.886	0.0	37.5 to 12.5	4	166443
333.902	0.0	37.5 to -12.5	5	166951
333.902	0.0	37.5 to -12.5	5	166951
334.918	0.0	37.5 to 12.5	4	167459
334.918	0.0	37.5 to 12.5	4	167459
335.932	0.0	37.5 to -12.5	5	167966
335.932	0.0	37.5 to -12.5	5	167966
336.948	0.0	37.5 to -37.5	6	168474
336.948	0.0	37.5 to -37.5	6	168474
337.964	0.0	37.5 to 12.5	4	168982
337.964	0.0	37.5 to 12.5	4	168982
338.98	0.0	37.5 to -37.5	6	169490
338.98	0.0	37.5 to -37.5	6	169490
339.996	0.0	37.5 to -12.5	5	169998
339.996	0.0	37.5 to -12.5	5	169998
341.012	0.0	37.5 to 12.5	4	170506
341.012	0.0	37.5 to 12.5	4	170506
342.03	0.0	37.5 to -37.5	6	171015
342.03	0.0	37.5 to -37.5	6	171015
343.044	0.0	37.5 to -12.5	5	171522
343.044	0.0	37.5 to -12.5	5	171522
344.058	0.0	37.5 to 12.5	4	172029
344.058	0.0	37.5 to 12.5	4	172029
345.076	0.0	deviant	10	172538
345.076	0.0	deviant	10	172538
346.09	0.0	37.5 to -12.5	5	173045
346.09	0.0	37.5 to -12.5	5	173045
347.106	0.0	37.5 to -37.5	6	173553
347.106	0.0	37.5 to -37.5	6	173553
348.122	0.0	37.5 to -12.5	5	174061
348.122	0.0	37.5 to -12.5	5	174061
349.138	0.0	37.5 to -37.5	6	174569
349.138	0.0	37.5 to -37.5	6	174569
350.154	0.0	37.5 to 12.5	4	175077
350.154	0.0	37.5 to 12.5	4	175077
351.17	0.0	deviant	10	175585
351.17	0.0	deviant	10	175585
352.184	0.0	37.5 to -12.5	5	176092
352.184	0.0	37.5 to -12.5	5	176092
353.2	0.0	37.5 to -37.5	6	176600
353.2	0.0	37.5 to -37.5	6	176600
354.216	0.0	37.5 to 12.5	4	177108
354.216	0.0	37.5 to 12.5	4	177108
355.232	0.0	-37.5 to -12.5	9	177616
355.232	0.0	-37.5 to -12.5	9	177616
356.248	0.0	-37.5 to 12.5	8	178124
356.248	0.0	-37.5 to 12.5	8	178124
357.264	0.0	-37.5 to 37.5	7	178632
357.264	0.0	-37.5 to 37.5	7	178632
358.278	0.0	-37.5 to -12.5	9	179139
358.278	0.0	-37.5 to -12.5	9	179139
359.294	0.0	-37.5 to 12.5	8	179647
359.294	0.0	-37.5 to 12.5	8	179647
360.31	0.0	-37.5 to 37.5	7	180155
360.31	0.0	-37.5 to 37.5	7	180155
361.326	0.0	-37.5 to -12.5	9	180663
361.326	0.0	-37.5 to -12.5	9	180663
362.342	0.0	-37.5 to 37.5	7	181171
362.342	0.0	-37.5 to 37.5	7	181171
363.358	0.0	-37.5 to 12.5	8	181679
363.358	0.0	-37.5 to 12.5	8	181679
364.376	0.0	-37.5 to -12.5	9	182188
364.376	0.0	-37.5 to -12.5	9	182188
365.39	0.0	-37.5 to 37.5	7	182695
365.39	0.0	-37.5 to 37.5	7	182695
366.404	0.0	-37.5 to 12.5	8	183202
366.404	0.0	-37.5 to 12.5	8	183202
367.42	0.0	-37.5 to 37.5	7	183710
367.42	0.0	-37.5 to 37.5	7	183710
368.436	0.0	-37.5 to -12.5	9	184218
368.436	0.0	-37.5 to -12.5	9	184218
369.452	0.0	-37.5 to 12.5	8	184726
369.452	0.0	-37.5 to 12.5	8	184726
370.468	0.0	-37.5 to -12.5	9	185234
370.468	0.0	-37.5 to -12.5	9	185234
371.484	0.0	-37.5 to 37.5	7	185742
371.484	0.0	-37.5 to 37.5	7	185742
372.5	0.0	-37.5 to 12.5	8	186250
372.5	0.0	-37.5 to 12.5	8	186250
373.514	0.0	-37.5 to 37.5	7	186757
373.514	0.0	-37.5 to 37.5	7	186757
374.53	0.0	-37.5 to -12.5	9	187265
374.53	0.0	-37.5 to -12.5	9	187265
375.546	0.0	-37.5 to 12.5	8	187773
375.546	0.0	-37.5 to 12.5	8	187773
376.562	0.0	-37.5 to -12.5	9	188281
376.562	0.0	-37.5 to -12.5	9	188281
377.578	0.0	-37.5 to 12.5	8	188789
377.578	0.0	-37.5 to 12.5	8	188789
378.594	0.0	-37.5 to 37.5	7	189297
378.594	0.0	-37.5 to 37.5	7	189297
379.61	0.0	-37.5 to 12.5	8	189805
379.61	0.0	-37.5 to 12.5	8	189805
380.628	0.0	-37.5 to -12.5	9	190314
380.628	0.0	-37.5 to -12.5	9	190314
381.64	0.0	-37.5 to 37.5	7	190820
381.64	0.0	-37.5 to 37.5	7	190820
382.656	0.0	-37.5 to 12.5	8	191328
382.656	0.0	-37.5 to 12.5	8	191328
383.672	0.0	-37.5 to -12.5	9	191836
383.672	0.0	-37.5 to -12.5	9	191836
384.688	0.0	-37.5 to 37.5	7	192344
384.688	0.0	-37.5 to 37.5	7	192344
385.704	0.0	37.5 to -12.5	5	192852
385.704	0.0	37.5 to -12.5	5	192852
386.72	0.0	37.5 to 12.5	4	193360
386.72	0.0	37.5 to 12.5	4	193360
387.736	0.0	37.5 to -37.5	6	193868
387.736	0.0	37.5 to -37.5	6	193868
388.75	0.0	37.5 to -12.5	5	194375
388.75	0.0	37.5 to -12.5	5	194375
389.766	0.0	37.5 to 12.5	4	194883
389.766	0.0	37.5 to 12.5	4	194883
390.782	0.0	37.5 to -37.5	6	195391
390.782	0.0	37.5 to -37.5	6	195391
391.798	0.0	37.5 to -12.5	5	195899
391.798	0.0	37.5 to -12.5	5	195899
392.814	0.0	37.5 to -37.5	6	196407
392.814	0.0	37.5 to -37.5	6	196407
393.83	0.0	37.5 to 12.5	4	196915
393.83	0.0	37.5 to 12.5	4	196915
394.846	0.0	37.5 to -37.5	6	197423
394.846	0.0	37.5 to -37.5	6	197423
395.862	0.0	37.5 to -12.5	5	197931
395.862	0.0	37.5 to -12.5	5	197931
396.876	0.0	37.5 to 12.5	4	198438
396.876	0.0	37.5 to 12.5	4	198438
397.876	0.0	37.5 to -37.5	6	198938
397.876	0.0	37.5 to -37.5	6	198938
398.876	0.0	37.5 to 12.5	4	199438
398.876	0.0	37.5 to 12.5	4	199438
399.878	0.0	37.5 to -12.5	5	199939
399.878	0.0	37.5 to -12.5	5	199939
400.878	0.0	37.5 to 12.5	4	200439
400.878	0.0	37.5 to 12.5	4	200439
401.878	0.0	37.5 to -37.5	6	200939
401.878	0.0	37.5 to -37.5	6	200939
402.878	0.0	37.5 to -12.5	5	201439
402.878	0.0	37.5 to -12.5	5	201439
403.878	0.0	37.5 to 12.5	4	201939
403.878	0.0	37.5 to 12.5	4	201939
404.878	0.0	37.5 to -12.5	5	202439
404.878	0.0	37.5 to -12.5	5	202439
405.878	0.0	37.5 to -37.5	6	202939
405.878	0.0	37.5 to -37.5	6	202939
406.878	0.0	37.5 to 12.5	4	203439
406.878	0.0	37.5 to 12.5	4	203439
407.878	0.0	37.5 to -37.5	6	203939
407.878	0.0	37.5 to -37.5	6	203939
408.878	0.0	37.5 to -12.5	5	204439
408.878	0.0	37.5 to -12.5	5	204439
409.894	0.0	37.5 to 12.5	4	204947
409.894	0.0	37.5 to 12.5	4	204947
410.91	0.0	37.5 to -12.5	5	205455
410.91	0.0	37.5 to -12.5	5	205455
411.926	0.0	37.5 to -37.5	6	205963
411.926	0.0	37.5 to -37.5	6	205963
412.94	0.0	37.5 to -12.5	5	206470
412.94	0.0	37.5 to -12.5	5	206470
413.956	0.0	37.5 to -37.5	6	206978
413.956	0.0	37.5 to -37.5	6	206978
414.988	0.0	37.5 to 12.5	4	207494
414.988	0.0	37.5 to 12.5	4	207494
416.004	0.0	-37.5 to 37.5	7	208002
416.004	0.0	-37.5 to 37.5	7	208002
417.02	0.0	-37.5 to 12.5	8	208510
417.02	0.0	-37.5 to 12.5	8	208510
418.036	0.0	-37.5 to -12.5	9	209018
418.036	0.0	-37.5 to -12.5	9	209018
419.05	0.0	-37.5 to 37.5	7	209525
419.05	0.0	-37.5 to 37.5	7	209525
420.066	0.0	-37.5 to 12.5	8	210033
420.066	0.0	-37.5 to 12.5	8	210033
421.082	0.0	-37.5 to -12.5	9	210541
421.082	0.0	-37.5 to -12.5	9	210541
422.098	0.0	-37.5 to 12.5	8	211049
422.098	0.0	-37.5 to 12.5	8	211049
423.114	0.0	-37.5 to 37.5	7	211557
423.114	0.0	-37.5 to 37.5	7	211557
424.13	0.0	-37.5 to -12.5	9	212065
424.13	0.0	-37.5 to -12.5	9	212065
425.146	0.0	-37.5 to 37.5	7	212573
425.146	0.0	-37.5 to 37.5	7	212573
426.162	0.0	-37.5 to 12.5	8	213081
426.162	0.0	-37.5 to 12.5	8	213081
427.18	0.0	-37.5 to -12.5	9	213590
427.18	0.0	-37.5 to -12.5	9	213590
428.192	0.0	-37.5 to 12.5	8	214096
428.192	0.0	-37.5 to 12.5	8	214096
429.208	0.0	-37.5 to -12.5	9	214604
429.208	0.0	-37.5 to -12.5	9	214604
430.224	0.0	-37.5 to 37.5	7	215112
430.224	0.0	-37.5 to 37.5	7	215112
431.256	0.0	deviant	10	215628
431.256	0.0	deviant	10	215628
432.286	0.0	-37.5 to 12.5	8	216143
432.286	0.0	-37.5 to 12.5	8	216143
433.302	0.0	-37.5 to 37.5	7	216651
433.302	0.0	-37.5 to 37.5	7	216651
434.318	0.0	-37.5 to -12.5	9	217159
434.318	0.0	-37.5 to -12.5	9	217159
435.334	0.0	-37.5 to 12.5	8	217667
435.334	0.0	-37.5 to 12.5	8	217667
436.35	0.0	-37.5 to -12.5	9	218175
436.35	0.0	-37.5 to -12.5	9	218175
437.366	0.0	-37.5 to 37.5	7	218683
437.366	0.0	-37.5 to 37.5	7	218683
438.382	0.0	-37.5 to -12.5	9	219191
438.382	0.0	-37.5 to -12.5	9	219191
439.396	0.0	-37.5 to 37.5	7	219698
439.396	0.0	-37.5 to 37.5	7	219698
440.412	0.0	-37.5 to 12.5	8	220206
440.412	0.0	-37.5 to 12.5	8	220206
441.432	0.0	deviant	10	220716
441.432	0.0	deviant	10	220716
442.444	0.0	-37.5 to -12.5	9	221222
442.444	0.0	-37.5 to -12.5	9	221222
443.46	0.0	-37.5 to 37.5	7	221730
443.46	0.0	-37.5 to 37.5	7	221730
444.476	0.0	-37.5 to 12.5	8	222238
444.476	0.0	-37.5 to 12.5	8	222238
445.492	0.0	-37.5 to 37.5	7	222746
445.492	0.0	-37.5 to 37.5	7	222746
446.506	0.0	-37.5 to -12.5	9	223253
446.506	0.0	-37.5 to -12.5	9	223253
447.522	0.0	-37.5 to 12.5	8	223761
447.522	0.0	-37.5 to 12.5	8	223761
448.538	0.0	37.5 to -12.5	5	224269
448.538	0.0	37.5 to -12.5	5	224269
449.554	0.0	37.5 to 12.5	4	224777
449.554	0.0	37.5 to 12.5	4	224777
450.57	0.0	37.5 to -37.5	6	225285
450.57	0.0	37.5 to -37.5	6	225285
451.586	0.0	37.5 to -12.5	5	225793
451.586	0.0	37.5 to -12.5	5	225793
452.602	0.0	37.5 to 12.5	4	226301
452.602	0.0	37.5 to 12.5	4	226301
453.618	0.0	37.5 to -37.5	6	226809
453.618	0.0	37.5 to -37.5	6	226809
454.632	0.0	37.5 to -12.5	5	227316
454.632	0.0	37.5 to -12.5	5	227316
455.648	0.0	37.5 to -37.5	6	227824
455.648	0.0	37.5 to -37.5	6	227824
456.664	0.0	37.5 to 12.5	4	228332
456.664	0.0	37.5 to 12.5	4	228332
457.68	0.0	37.5 to -37.5	6	228840
457.68	0.0	37.5 to -37.5	6	228840
458.68	0.0	37.5 to -12.5	5	229340
458.68	0.0	37.5 to -12.5	5	229340
459.696	0.0	37.5 to 12.5	4	229848
459.696	0.0	37.5 to 12.5	4	229848
460.712	0.0	37.5 to -37.5	6	230356
460.712	0.0	37.5 to -37.5	6	230356
461.728	0.0	37.5 to -12.5	5	230864
461.728	0.0	37.5 to -12.5	5	230864
462.744	0.0	37.5 to 12.5	4	231372
462.744	0.0	37.5 to 12.5	4	231372
463.758	0.0	37.5 to -12.5	5	231879
463.758	0.0	37.5 to -12.5	5	231879
464.778	0.0	deviant	10	232389
464.778	0.0	deviant	10	232389
465.79	0.0	37.5 to -37.5	6	232895
465.79	0.0	37.5 to -37.5	6	232895
466.806	0.0	37.5 to 12.5	4	233403
466.806	0.0	37.5 to 12.5	4	233403
467.822	0.0	37.5 to -12.5	5	233911
467.822	0.0	37.5 to -12.5	5	233911
468.838	0.0	37.5 to -37.5	6	234419
468.838	0.0	37.5 to -37.5	6	234419
469.854	0.0	37.5 to 12.5	4	234927
469.854	0.0	37.5 to 12.5	4	234927
470.868	0.0	37.5 to -37.5	6	235434
470.868	0.0	37.5 to -37.5	6	235434
471.884	0.0	37.5 to -12.5	5	235942
471.884	0.0	37.5 to -12.5	5	235942
472.9	0.0	37.5 to 12.5	4	236450
472.9	0.0	37.5 to 12.5	4	236450
473.916	0.0	37.5 to -12.5	5	236958
473.916	0.0	37.5 to -12.5	5	236958
474.932	0.0	37.5 to -37.5	6	237466
474.932	0.0	37.5 to -37.5	6	237466
475.948	0.0	37.5 to 12.5	4	237974
475.948	0.0	37.5 to 12.5	4	237974
476.964	0.0	deviant	10	238482
476.964	0.0	deviant	10	238482
477.98	0.0	37.5 to -37.5	6	238990
477.98	0.0	37.5 to -37.5	6	238990
478.994	0.0	37.5 to 12.5	4	239497
478.994	0.0	37.5 to 12.5	4	239497
480.01	0.0	37.5 to -12.5	5	240005
480.01	0.0	37.5 to -12.5	5	240005
481.032	0.0	-37.5 to -12.5	9	240516
481.032	0.0	-37.5 to -12.5	9	240516
482.042	0.0	-37.5 to 37.5	7	241021
482.042	0.0	-37.5 to 37.5	7	241021
483.058	0.0	deviant	10	241529
483.058	0.0	deviant	10	241529
484.074	0.0	-37.5 to 12.5	8	242037
484.074	0.0	-37.5 to 12.5	8	242037
485.09	0.0	-37.5 to -12.5	9	242545
485.09	0.0	-37.5 to -12.5	9	242545
486.104	0.0	-37.5 to 37.5	7	243052
486.104	0.0	-37.5 to 37.5	7	243052
487.12	0.0	-37.5 to 12.5	8	243560
487.12	0.0	-37.5 to 12.5	8	243560
488.136	0.0	-37.5 to -12.5	9	244068
488.136	0.0	-37.5 to -12.5	9	244068
489.152	0.0	-37.5 to 37.5	7	244576
489.152	0.0	-37.5 to 37.5	7	244576
490.168	0.0	-37.5 to 12.5	8	245084
490.168	0.0	-37.5 to 12.5	8	245084
491.184	0.0	-37.5 to -12.5	9	245592
491.184	0.0	-37.5 to -12.5	9	245592
492.2	0.0	-37.5 to 12.5	8	246100
492.2	0.0	-37.5 to 12.5	8	246100
493.214	0.0	-37.5 to 37.5	7	246607
493.214	0.0	-37.5 to 37.5	7	246607
494.232	0.0	-37.5 to 12.5	8	247116
494.232	0.0	-37.5 to 12.5	8	247116
495.246	0.0	-37.5 to -12.5	9	247623
495.246	0.0	-37.5 to -12.5	9	247623
496.264	0.0	deviant	10	248132
496.264	0.0	deviant	10	248132
497.278	0.0	-37.5 to 37.5	7	248639
497.278	0.0	-37.5 to 37.5	7	248639
498.278	0.0	-37.5 to 12.5	8	249139
498.278	0.0	-37.5 to 12.5	8	249139
499.278	0.0	-37.5 to -12.5	9	249639
499.278	0.0	-37.5 to -12.5	9	249639
500.278	0.0	-37.5 to 37.5	7	250139
500.278	0.0	-37.5 to 37.5	7	250139
501.278	0.0	-37.5 to 12.5	8	250639
501.278	0.0	-37.5 to 12.5	8	250639
502.278	0.0	-37.5 to 37.5	7	251139
502.278	0.0	-37.5 to 37.5	7	251139
503.278	0.0	-37.5 to -12.5	9	251639
503.278	0.0	-37.5 to -12.5	9	251639
504.278	0.0	-37.5 to 12.5	8	252139
504.278	0.0	-37.5 to 12.5	8	252139
505.296	0.0	deviant	10	252648
505.296	0.0	deviant	10	252648
506.31	0.0	-37.5 to -12.5	9	253155
506.31	0.0	-37.5 to -12.5	9	253155
507.326	0.0	-37.5 to 37.5	7	253663
507.326	0.0	-37.5 to 37.5	7	253663
508.342	0.0	-37.5 to 12.5	8	254171
508.342	0.0	-37.5 to 12.5	8	254171
509.358	0.0	-37.5 to -12.5	9	254679
509.358	0.0	-37.5 to -12.5	9	254679
510.372	0.0	-37.5 to 37.5	7	255186
510.372	0.0	-37.5 to 37.5	7	255186
511.388	0.0	-37.5 to -12.5	9	255694
511.388	0.0	-37.5 to -12.5	9	255694
512.404	0.0	-37.5 to 12.5	8	256202
512.404	0.0	-37.5 to 12.5	8	256202
513.42	0.0	-37.5 to 37.5	7	256710
513.42	0.0	-37.5 to 37.5	7	256710
527.576	0.0	-37.5 to 37.5	7	263788
527.576	0.0	-37.5 to 37.5	7	263788
528.602	0.0	-37.5 to -12.5	9	264301
528.602	0.0	-37.5 to -12.5	9	264301
529.618	0.0	-37.5 to 12.5	8	264809
529.618	0.0	-37.5 to 12.5	8	264809
530.634	0.0	-37.5 to 37.5	7	265317
530.634	0.0	-37.5 to 37.5	7	265317
531.65	0.0	-37.5 to -12.5	9	265825
531.65	0.0	-37.5 to -12.5	9	265825
532.666	0.0	-37.5 to 12.5	8	266333
532.666	0.0	-37.5 to 12.5	8	266333
533.682	0.0	-37.5 to -12.5	9	266841
533.682	0.0	-37.5 to -12.5	9	266841
534.696	0.0	-37.5 to 12.5	8	267348
534.696	0.0	-37.5 to 12.5	8	267348
535.712	0.0	-37.5 to 37.5	7	267856
535.712	0.0	-37.5 to 37.5	7	267856
536.728	0.0	-37.5 to -12.5	9	268364
536.728	0.0	-37.5 to -12.5	9	268364
537.748	0.0	-37.5 to 37.5	7	268874
537.748	0.0	-37.5 to 37.5	7	268874
538.76	0.0	-37.5 to 12.5	8	269380
538.76	0.0	-37.5 to 12.5	8	269380
539.776	0.0	-37.5 to -12.5	9	269888
539.776	0.0	-37.5 to -12.5	9	269888
540.792	0.0	-37.5 to 12.5	8	270396
540.792	0.0	-37.5 to 12.5	8	270396
541.808	0.0	-37.5 to 37.5	7	270904
541.808	0.0	-37.5 to 37.5	7	270904
542.822	0.0	-37.5 to 12.5	8	271411
542.822	0.0	-37.5 to 12.5	8	271411
543.838	0.0	-37.5 to 37.5	7	271919
543.838	0.0	-37.5 to 37.5	7	271919
544.854	0.0	-37.5 to -12.5	9	272427
544.854	0.0	-37.5 to -12.5	9	272427
545.87	0.0	-37.5 to 12.5	8	272935
545.87	0.0	-37.5 to 12.5	8	272935
546.886	0.0	-37.5 to -12.5	9	273443
546.886	0.0	-37.5 to -12.5	9	273443
547.902	0.0	-37.5 to 37.5	7	273951
547.902	0.0	-37.5 to 37.5	7	273951
548.918	0.0	deviant	10	274459
548.918	0.0	deviant	10	274459
549.932	0.0	-37.5 to 12.5	8	274966
549.932	0.0	-37.5 to 12.5	8	274966
550.948	0.0	-37.5 to 37.5	7	275474
550.948	0.0	-37.5 to 37.5	7	275474
551.964	0.0	-37.5 to -12.5	9	275982
551.964	0.0	-37.5 to -12.5	9	275982
552.98	0.0	-37.5 to 12.5	8	276490
552.98	0.0	-37.5 to 12.5	8	276490
554.0	0.0	-37.5 to 37.5	7	277000
554.0	0.0	-37.5 to 37.5	7	277000
555.012	0.0	-37.5 to -12.5	9	277506
555.012	0.0	-37.5 to -12.5	9	277506
556.028	0.0	-37.5 to 37.5	7	278014
556.028	0.0	-37.5 to 37.5	7	278014
557.044	0.0	-37.5 to -12.5	9	278522
557.044	0.0	-37.5 to -12.5	9	278522
558.058	0.0	-37.5 to 12.5	8	279029
558.058	0.0	-37.5 to 12.5	8	279029
559.074	0.0	37.5 to -12.5	5	279537
559.074	0.0	37.5 to -12.5	5	279537
560.092	0.0	deviant	10	280046
560.092	0.0	deviant	10	280046
561.106	0.0	37.5 to -37.5	6	280553
561.106	0.0	37.5 to -37.5	6	280553
562.122	0.0	37.5 to 12.5	4	281061
562.122	0.0	37.5 to 12.5	4	281061
563.138	0.0	37.5 to -12.5	5	281569
563.138	0.0	37.5 to -12.5	5	281569
564.154	0.0	37.5 to -37.5	6	282077
564.154	0.0	37.5 to -37.5	6	282077
565.168	0.0	37.5 to 12.5	4	282584
565.168	0.0	37.5 to 12.5	4	282584
566.184	0.0	37.5 to -12.5	5	283092
566.184	0.0	37.5 to -12.5	5	283092
567.202	0.0	37.5 to 12.5	4	283601
567.202	0.0	37.5 to 12.5	4	283601
568.216	0.0	37.5 to -37.5	6	284108
568.216	0.0	37.5 to -37.5	6	284108
569.232	0.0	37.5 to 12.5	4	284616
569.232	0.0	37.5 to 12.5	4	284616
570.248	0.0	37.5 to -37.5	6	285124
570.248	0.0	37.5 to -37.5	6	285124
571.264	0.0	37.5 to -12.5	5	285632
571.264	0.0	37.5 to -12.5	5	285632
572.278	0.0	37.5 to 12.5	4	286139
572.278	0.0	37.5 to 12.5	4	286139
573.294	0.0	37.5 to -37.5	6	286647
573.294	0.0	37.5 to -37.5	6	286647
574.31	0.0	37.5 to -12.5	5	287155
574.31	0.0	37.5 to -12.5	5	287155
575.326	0.0	37.5 to 12.5	4	287663
575.326	0.0	37.5 to 12.5	4	287663
576.342	0.0	37.5 to -37.5	6	288171
576.342	0.0	37.5 to -37.5	6	288171
577.358	0.0	37.5 to -12.5	5	288679
577.358	0.0	37.5 to -12.5	5	288679
578.374	0.0	37.5 to -37.5	6	289187
578.374	0.0	37.5 to -37.5	6	289187
579.404	0.0	37.5 to -12.5	5	289702
579.404	0.0	37.5 to -12.5	5	289702
580.436	0.0	37.5 to 12.5	4	290218
580.436	0.0	37.5 to 12.5	4	290218
581.452	0.0	37.5 to -37.5	6	290726
581.452	0.0	37.5 to -37.5	6	290726
582.468	0.0	37.5 to -12.5	5	291234
582.468	0.0	37.5 to -12.5	5	291234
583.484	0.0	37.5 to 12.5	4	291742
583.484	0.0	37.5 to 12.5	4	291742
584.514	0.0	37.5 to -37.5	6	292257
584.514	0.0	37.5 to -37.5	6	292257
585.53	0.0	37.5 to 12.5	4	292765
585.53	0.0	37.5 to 12.5	4	292765
586.548	0.0	37.5 to -12.5	5	293274
586.548	0.0	37.5 to -12.5	5	293274
587.562	0.0	37.5 to 12.5	4	293781
587.562	0.0	37.5 to 12.5	4	293781
588.578	0.0	37.5 to -12.5	5	294289
588.578	0.0	37.5 to -12.5	5	294289
589.594	0.0	37.5 to -37.5	6	294797
589.594	0.0	37.5 to -37.5	6	294797
590.61	0.0	-37.5 to 37.5	7	295305
590.61	0.0	-37.5 to 37.5	7	295305
591.626	0.0	deviant	10	295813
591.626	0.0	deviant	10	295813
592.64	0.0	-37.5 to -12.5	9	296320
592.64	0.0	-37.5 to -12.5	9	296320
593.656	0.0	-37.5 to 12.5	8	296828
593.656	0.0	-37.5 to 12.5	8	296828
594.672	0.0	-37.5 to 37.5	7	297336
594.672	0.0	-37.5 to 37.5	7	297336
595.688	0.0	-37.5 to -12.5	9	297844
595.688	0.0	-37.5 to -12.5	9	297844
596.704	0.0	-37.5 to 12.5	8	298352
596.704	0.0	-37.5 to 12.5	8	298352
597.72	0.0	-37.5 to -12.5	9	298860
597.72	0.0	-37.5 to -12.5	9	298860
598.734	0.0	-37.5 to 12.5	8	299367
598.734	0.0	-37.5 to 12.5	8	299367
599.75	0.0	-37.5 to 37.5	7	299875
599.75	0.0	-37.5 to 37.5	7	299875
600.766	0.0	-37.5 to 12.5	8	300383
600.766	0.0	-37.5 to 12.5	8	300383
601.782	0.0	-37.5 to -12.5	9	300891
601.782	0.0	-37.5 to -12.5	9	300891
602.8	0.0	-37.5 to 37.5	7	301400
602.8	0.0	-37.5 to 37.5	7	301400
603.814	0.0	deviant	10	301907
603.814	0.0	deviant	10	301907
604.83	0.0	-37.5 to 12.5	8	302415
604.83	0.0	-37.5 to 12.5	8	302415
605.846	0.0	-37.5 to -12.5	9	302923
605.846	0.0	-37.5 to -12.5	9	302923
606.86	0.0	-37.5 to 37.5	7	303430
606.86	0.0	-37.5 to 37.5	7	303430
607.876	0.0	-37.5 to 12.5	8	303938
607.876	0.0	-37.5 to 12.5	8	303938
608.892	0.0	-37.5 to 37.5	7	304446
608.892	0.0	-37.5 to 37.5	7	304446
609.908	0.0	-37.5 to -12.5	9	304954
609.908	0.0	-37.5 to -12.5	9	304954
610.924	0.0	-37.5 to 37.5	7	305462
610.924	0.0	-37.5 to 37.5	7	305462
611.94	0.0	-37.5 to -12.5	9	305970
611.94	0.0	-37.5 to -12.5	9	305970
612.956	0.0	-37.5 to 12.5	8	306478
612.956	0.0	-37.5 to 12.5	8	306478
613.97	0.0	-37.5 to 37.5	7	306985
613.97	0.0	-37.5 to 37.5	7	306985
614.988	0.0	deviant	10	307494
614.988	0.0	deviant	10	307494
616.002	0.0	-37.5 to -12.5	9	308001
616.002	0.0	-37.5 to -12.5	9	308001
617.018	0.0	-37.5 to 12.5	8	308509
617.018	0.0	-37.5 to 12.5	8	308509
618.034	0.0	-37.5 to 37.5	7	309017
618.034	0.0	-37.5 to 37.5	7	309017
619.05	0.0	-37.5 to -12.5	9	309525
619.05	0.0	-37.5 to -12.5	9	309525
620.066	0.0	-37.5 to 12.5	8	310033
620.066	0.0	-37.5 to 12.5	8	310033
621.08	0.0	-37.5 to 37.5	7	310540
621.08	0.0	-37.5 to 37.5	7	310540
622.096	0.0	-37.5 to -12.5	9	311048
622.096	0.0	-37.5 to -12.5	9	311048
623.114	0.0	deviant	10	311557
623.114	0.0	deviant	10	311557
624.128	0.0	-37.5 to 12.5	8	312064
624.128	0.0	-37.5 to 12.5	8	312064
625.144	0.0	37.5 to -37.5	6	312572
625.144	0.0	37.5 to -37.5	6	312572
626.16	0.0	37.5 to 12.5	4	313080
626.16	0.0	37.5 to 12.5	4	313080
627.176	0.0	37.5 to -12.5	5	313588
627.176	0.0	37.5 to -12.5	5	313588
628.192	0.0	37.5 to -37.5	6	314096
628.192	0.0	37.5 to -37.5	6	314096
629.206	0.0	37.5 to 12.5	4	314603
629.206	0.0	37.5 to 12.5	4	314603
630.222	0.0	37.5 to -12.5	5	315111
630.222	0.0	37.5 to -12.5	5	315111
631.238	0.0	37.5 to 12.5	4	315619
631.238	0.0	37.5 to 12.5	4	315619
632.254	0.0	37.5 to -37.5	6	316127
632.254	0.0	37.5 to -37.5	6	316127
633.27	0.0	37.5 to -12.5	5	316635
633.27	0.0	37.5 to -12.5	5	316635
634.286	0.0	37.5 to 12.5	4	317143
634.286	0.0	37.5 to 12.5	4	317143
635.302	0.0	37.5 to -37.5	6	317651
635.302	0.0	37.5 to -37.5	6	317651
636.316	0.0	37.5 to -12.5	5	318158
636.316	0.0	37.5 to -12.5	5	318158
637.332	0.0	37.5 to -37.5	6	318666
637.332	0.0	37.5 to -37.5	6	318666
638.35	0.0	37.5 to -12.5	5	319175
638.35	0.0	37.5 to -12.5	5	319175
639.364	0.0	37.5 to 12.5	4	319682
639.364	0.0	37.5 to 12.5	4	319682
640.38	0.0	37.5 to -37.5	6	320190
640.38	0.0	37.5 to -37.5	6	320190
641.396	0.0	37.5 to 12.5	4	320698
641.396	0.0	37.5 to 12.5	4	320698
642.412	0.0	37.5 to -12.5	5	321206
642.412	0.0	37.5 to -12.5	5	321206
643.428	0.0	37.5 to 12.5	4	321714
643.428	0.0	37.5 to 12.5	4	321714
644.442	0.0	37.5 to -12.5	5	322221
644.442	0.0	37.5 to -12.5	5	322221
645.458	0.0	37.5 to -37.5	6	322729
645.458	0.0	37.5 to -37.5	6	322729
646.474	0.0	37.5 to 12.5	4	323237
646.474	0.0	37.5 to 12.5	4	323237
647.49	0.0	37.5 to -37.5	6	323745
647.49	0.0	37.5 to -37.5	6	323745
648.506	0.0	37.5 to -12.5	5	324253
648.506	0.0	37.5 to -12.5	5	324253
649.522	0.0	37.5 to 12.5	4	324761
649.522	0.0	37.5 to 12.5	4	324761
650.538	0.0	37.5 to -12.5	5	325269
650.538	0.0	37.5 to -12.5	5	325269
651.552	0.0	37.5 to -37.5	6	325776
651.552	0.0	37.5 to -37.5	6	325776
652.57	0.0	deviant	10	326285
652.57	0.0	deviant	10	326285
653.584	0.0	37.5 to -12.5	5	326792
653.584	0.0	37.5 to -12.5	5	326792
654.604	0.0	37.5 to 12.5	4	327302
654.604	0.0	37.5 to 12.5	4	327302
655.632	0.0	37.5 to -37.5	6	327816
655.632	0.0	37.5 to -37.5	6	327816
656.662	0.0	-37.5 to -12.5	9	328331
656.662	0.0	-37.5 to -12.5	9	328331
657.694	0.0	-37.5 to 12.5	8	328847
657.694	0.0	-37.5 to 12.5	8	328847
658.71	0.0	-37.5 to 37.5	7	329355
658.71	0.0	-37.5 to 37.5	7	329355
659.726	0.0	-37.5 to -12.5	9	329863
659.726	0.0	-37.5 to -12.5	9	329863
660.742	0.0	-37.5 to 12.5	8	330371
660.742	0.0	-37.5 to 12.5	8	330371
661.758	0.0	-37.5 to 37.5	7	330879
661.758	0.0	-37.5 to 37.5	7	330879
662.772	0.0	-37.5 to -12.5	9	331386
662.772	0.0	-37.5 to -12.5	9	331386
663.788	0.0	-37.5 to 37.5	7	331894
663.788	0.0	-37.5 to 37.5	7	331894
664.804	0.0	-37.5 to 12.5	8	332402
664.804	0.0	-37.5 to 12.5	8	332402
665.82	0.0	-37.5 to 37.5	7	332910
665.82	0.0	-37.5 to 37.5	7	332910
666.836	0.0	-37.5 to 12.5	8	333418
666.836	0.0	-37.5 to 12.5	8	333418
667.852	0.0	-37.5 to -12.5	9	333926
667.852	0.0	-37.5 to -12.5	9	333926
668.868	0.0	-37.5 to 12.5	8	334434
668.868	0.0	-37.5 to 12.5	8	334434
669.882	0.0	-37.5 to 37.5	7	334941
669.882	0.0	-37.5 to 37.5	7	334941
670.898	0.0	-37.5 to -12.5	9	335449
670.898	0.0	-37.5 to -12.5	9	335449
671.914	0.0	-37.5 to 12.5	8	335957
671.914	0.0	-37.5 to 12.5	8	335957
672.93	0.0	-37.5 to 37.5	7	336465
672.93	0.0	-37.5 to 37.5	7	336465
673.946	0.0	-37.5 to -12.5	9	336973
673.946	0.0	-37.5 to -12.5	9	336973
674.962	0.0	-37.5 to 37.5	7	337481
674.962	0.0	-37.5 to 37.5	7	337481
675.978	0.0	-37.5 to 12.5	8	337989
675.978	0.0	-37.5 to 12.5	8	337989
676.994	0.0	-37.5 to -12.5	9	338497
676.994	0.0	-37.5 to -12.5	9	338497
678.008	0.0	-37.5 to 37.5	7	339004
678.008	0.0	-37.5 to 37.5	7	339004
679.024	0.0	-37.5 to 12.5	8	339512
679.024	0.0	-37.5 to 12.5	8	339512
680.04	0.0	-37.5 to -12.5	9	340020
680.04	0.0	-37.5 to -12.5	9	340020
681.056	0.0	-37.5 to 12.5	8	340528
681.056	0.0	-37.5 to 12.5	8	340528
682.072	0.0	-37.5 to 37.5	7	341036
682.072	0.0	-37.5 to 37.5	7	341036
683.088	0.0	-37.5 to -12.5	9	341544
683.088	0.0	-37.5 to -12.5	9	341544
684.104	0.0	-37.5 to 12.5	8	342052
684.104	0.0	-37.5 to 12.5	8	342052
685.118	0.0	-37.5 to 37.5	7	342559
685.118	0.0	-37.5 to 37.5	7	342559
686.134	0.0	-37.5 to -12.5	9	343067
686.134	0.0	-37.5 to -12.5	9	343067
687.15	0.0	37.5 to -37.5	6	343575
687.15	0.0	37.5 to -37.5	6	343575
688.166	0.0	37.5 to -12.5	5	344083
688.166	0.0	37.5 to -12.5	5	344083
689.182	0.0	37.5 to 12.5	4	344591
689.182	0.0	37.5 to 12.5	4	344591
690.202	0.0	37.5 to -37.5	6	345101
690.202	0.0	37.5 to -37.5	6	345101
691.214	0.0	37.5 to -12.5	5	345607
691.214	0.0	37.5 to -12.5	5	345607
692.23	0.0	deviant	10	346115
692.23	0.0	deviant	10	346115
693.244	0.0	37.5 to 12.5	4	346622
693.244	0.0	37.5 to 12.5	4	346622
694.26	0.0	37.5 to -37.5	6	347130
694.26	0.0	37.5 to -37.5	6	347130
695.276	0.0	37.5 to 12.5	4	347638
695.276	0.0	37.5 to 12.5	4	347638
696.292	0.0	37.5 to -12.5	5	348146
696.292	0.0	37.5 to -12.5	5	348146
697.308	0.0	37.5 to -37.5	6	348654
697.308	0.0	37.5 to -37.5	6	348654
698.324	0.0	37.5 to 12.5	4	349162
698.324	0.0	37.5 to 12.5	4	349162
699.34	0.0	37.5 to -12.5	5	349670
699.34	0.0	37.5 to -12.5	5	349670
700.356	0.0	37.5 to -37.5	6	350178
700.356	0.0	37.5 to -37.5	6	350178
701.37	0.0	37.5 to -12.5	5	350685
701.37	0.0	37.5 to -12.5	5	350685
702.386	0.0	37.5 to 12.5	4	351193
702.386	0.0	37.5 to 12.5	4	351193
703.418	0.0	37.5 to -37.5	6	351709
703.418	0.0	37.5 to -37.5	6	351709
704.434	0.0	37.5 to 12.5	4	352217
704.434	0.0	37.5 to 12.5	4	352217
705.45	0.0	37.5 to -12.5	5	352725
705.45	0.0	37.5 to -12.5	5	352725
706.45	0.0	37.5 to -37.5	6	353225
706.45	0.0	37.5 to -37.5	6	353225
707.45	0.0	37.5 to -12.5	5	353725
707.45	0.0	37.5 to -12.5	5	353725
708.45	0.0	37.5 to 12.5	4	354225
708.45	0.0	37.5 to 12.5	4	354225
709.45	0.0	37.5 to -12.5	5	354725
709.45	0.0	37.5 to -12.5	5	354725
710.466	0.0	deviant	10	355233
710.466	0.0	deviant	10	355233
711.482	0.0	37.5 to 12.5	4	355741
711.482	0.0	37.5 to 12.5	4	355741
712.496	0.0	37.5 to -37.5	6	356248
712.496	0.0	37.5 to -37.5	6	356248
713.512	0.0	37.5 to 12.5	4	356756
713.512	0.0	37.5 to 12.5	4	356756
714.528	0.0	37.5 to -37.5	6	357264
714.528	0.0	37.5 to -37.5	6	357264
715.544	0.0	37.5 to -12.5	5	357772
715.544	0.0	37.5 to -12.5	5	357772
716.56	0.0	37.5 to -37.5	6	358280
716.56	0.0	37.5 to -37.5	6	358280
717.576	0.0	deviant	10	358788
717.576	0.0	deviant	10	358788
718.592	0.0	37.5 to -12.5	5	359296
718.592	0.0	37.5 to -12.5	5	359296
719.606	0.0	37.5 to 12.5	4	359803
719.606	0.0	37.5 to 12.5	4	359803
720.638	0.0	-37.5 to 37.5	7	360319
720.638	0.0	-37.5 to 37.5	7	360319
721.654	0.0	-37.5 to 12.5	8	360827
721.654	0.0	-37.5 to 12.5	8	360827
722.686	0.0	-37.5 to -12.5	9	361343
722.686	0.0	-37.5 to -12.5	9	361343
723.702	0.0	-37.5 to 37.5	7	361851
723.702	0.0	-37.5 to 37.5	7	361851
724.716	0.0	-37.5 to 12.5	8	362358
724.716	0.0	-37.5 to 12.5	8	362358
725.732	0.0	-37.5 to -12.5	9	362866
725.732	0.0	-37.5 to -12.5	9	362866
726.752	0.0	deviant	10	363376
726.752	0.0	deviant	10	363376
727.764	0.0	-37.5 to 12.5	8	363882
727.764	0.0	-37.5 to 12.5	8	363882
728.78	0.0	-37.5 to 37.5	7	364390
728.78	0.0	-37.5 to 37.5	7	364390
729.796	0.0	-37.5 to -12.5	9	364898
729.796	0.0	-37.5 to -12.5	9	364898
730.812	0.0	-37.5 to 37.5	7	365406
730.812	0.0	-37.5 to 37.5	7	365406
731.826	0.0	-37.5 to 12.5	8	365913
731.826	0.0	-37.5 to 12.5	8	365913
732.842	0.0	-37.5 to -12.5	9	366421
732.842	0.0	-37.5 to -12.5	9	366421
733.858	0.0	-37.5 to 37.5	7	366929
733.858	0.0	-37.5 to 37.5	7	366929
734.874	0.0	-37.5 to -12.5	9	367437
734.874	0.0	-37.5 to -12.5	9	367437
735.89	0.0	-37.5 to 12.5	8	367945
735.89	0.0	-37.5 to 12.5	8	367945
736.922	0.0	-37.5 to 37.5	7	368461
736.922	0.0	-37.5 to 37.5	7	368461
737.954	0.0	-37.5 to -12.5	9	368977
737.954	0.0	-37.5 to -12.5	9	368977
738.984	0.0	-37.5 to 12.5	8	369492
738.984	0.0	-37.5 to 12.5	8	369492
740.004	0.0	-37.5 to -12.5	9	370002
740.004	0.0	-37.5 to -12.5	9	370002
741.016	0.0	-37.5 to 37.5	7	370508
741.016	0.0	-37.5 to 37.5	7	370508
742.032	0.0	-37.5 to 12.5	8	371016
742.032	0.0	-37.5 to 12.5	8	371016
743.046	0.0	-37.5 to 37.5	7	371523
743.046	0.0	-37.5 to 37.5	7	371523
744.062	0.0	-37.5 to -12.5	9	372031
744.062	0.0	-37.5 to -12.5	9	372031
745.08	0.0	deviant	10	372540
745.08	0.0	deviant	10	372540
746.094	0.0	-37.5 to 12.5	8	373047
746.094	0.0	-37.5 to 12.5	8	373047
747.11	0.0	-37.5 to 37.5	7	373555
747.11	0.0	-37.5 to 37.5	7	373555
748.142	0.0	-37.5 to 12.5	8	374071
748.142	0.0	-37.5 to 12.5	8	374071
749.156	0.0	-37.5 to -12.5	9	374578
749.156	0.0	-37.5 to -12.5	9	374578
750.172	0.0	-37.5 to 12.5	8	375086
750.172	0.0	-37.5 to 12.5	8	375086
751.188	0.0	-37.5 to 37.5	7	375594
751.188	0.0	-37.5 to 37.5	7	375594
752.204	0.0	-37.5 to -12.5	9	376102
752.204	0.0	-37.5 to -12.5	9	376102
753.22	0.0	37.5 to -12.5	5	376610
753.22	0.0	37.5 to -12.5	5	376610
754.236	0.0	37.5 to 12.5	4	377118
754.236	0.0	37.5 to 12.5	4	377118
755.252	0.0	37.5 to -37.5	6	377626
755.252	0.0	37.5 to -37.5	6	377626
756.252	0.0	37.5 to -12.5	5	378126
756.252	0.0	37.5 to -12.5	5	378126
757.252	0.0	37.5 to 12.5	4	378626
757.252	0.0	37.5 to 12.5	4	378626
758.252	0.0	37.5 to -37.5	6	379126
758.252	0.0	37.5 to -37.5	6	379126
759.254	0.0	deviant	10	379627
759.254	0.0	deviant	10	379627
760.268	0.0	37.5 to -12.5	5	380134
760.268	0.0	37.5 to -12.5	5	380134
761.284	0.0	37.5 to -37.5	6	380642
761.284	0.0	37.5 to -37.5	6	380642
762.298	0.0	37.5 to 12.5	4	381149
762.298	0.0	37.5 to 12.5	4	381149
763.314	0.0	37.5 to -12.5	5	381657
763.314	0.0	37.5 to -12.5	5	381657
764.33	0.0	37.5 to -37.5	6	382165
764.33	0.0	37.5 to -37.5	6	382165
765.346	0.0	37.5 to 12.5	4	382673
765.346	0.0	37.5 to 12.5	4	382673
766.362	0.0	37.5 to -12.5	5	383181
766.362	0.0	37.5 to -12.5	5	383181
767.378	0.0	deviant	10	383689
767.378	0.0	deviant	10	383689
768.408	0.0	37.5 to 12.5	4	384204
768.408	0.0	37.5 to 12.5	4	384204
769.44	0.0	37.5 to -37.5	6	384720
769.44	0.0	37.5 to -37.5	6	384720
770.456	0.0	37.5 to -12.5	5	385228
770.456	0.0	37.5 to -12.5	5	385228
771.472	0.0	37.5 to -37.5	6	385736
771.472	0.0	37.5 to -37.5	6	385736
772.488	0.0	37.5 to 12.5	4	386244
772.488	0.0	37.5 to 12.5	4	386244
773.518	0.0	37.5 to -37.5	6	386759
773.518	0.0	37.5 to -37.5	6	386759
774.534	0.0	37.5 to 12.5	4	387267
774.534	0.0	37.5 to 12.5	4	387267
775.554	0.0	37.5 to -12.5	5	387777
775.554	0.0	37.5 to -12.5	5	387777
776.566	0.0	37.5 to -37.5	6	388283
776.566	0.0	37.5 to -37.5	6	388283
777.582	0.0	37.5 to -12.5	5	388791
777.582	0.0	37.5 to -12.5	5	388791
778.598	0.0	37.5 to 12.5	4	389299
778.598	0.0	37.5 to 12.5	4	389299
779.614	0.0	37.5 to -12.5	5	389807
779.614	0.0	37.5 to -12.5	5	389807
780.628	0.0	37.5 to -37.5	6	390314
780.628	0.0	37.5 to -37.5	6	390314
781.644	0.0	37.5 to 12.5	4	390822
781.644	0.0	37.5 to 12.5	4	390822
782.66	0.0	37.5 to -12.5	5	391330
782.66	0.0	37.5 to -12.5	5	391330
783.676	0.0	37.5 to -37.5	6	391838
783.676	0.0	37.5 to -37.5	6	391838
784.692	0.0	37.5 to 12.5	4	392346
784.692	0.0	37.5 to 12.5	4	392346
785.708	0.0	-37.5 to 12.5	8	392854
785.708	0.0	-37.5 to 12.5	8	392854
786.724	0.0	-37.5 to 37.5	7	393362
786.724	0.0	-37.5 to 37.5	7	393362
787.74	0.0	-37.5 to -12.5	9	393870
787.74	0.0	-37.5 to -12.5	9	393870
788.756	0.0	deviant	10	394378
788.756	0.0	deviant	10	394378
789.77	0.0	-37.5 to 12.5	8	394885
789.77	0.0	-37.5 to 12.5	8	394885
790.786	0.0	-37.5 to 37.5	7	395393
790.786	0.0	-37.5 to 37.5	7	395393
791.806	0.0	-37.5 to -12.5	9	395903
791.806	0.0	-37.5 to -12.5	9	395903
792.818	0.0	-37.5 to 37.5	7	396409
792.818	0.0	-37.5 to 37.5	7	396409
793.834	0.0	-37.5 to -12.5	9	396917
793.834	0.0	-37.5 to -12.5	9	396917
794.85	0.0	-37.5 to 12.5	8	397425
794.85	0.0	-37.5 to 12.5	8	397425
795.864	0.0	-37.5 to 37.5	7	397932
795.864	0.0	-37.5 to 37.5	7	397932
796.88	0.0	-37.5 to -12.5	9	398440
796.88	0.0	-37.5 to -12.5	9	398440
797.896	0.0	-37.5 to 12.5	8	398948
797.896	0.0	-37.5 to 12.5	8	398948
798.912	0.0	-37.5 to 37.5	7	399456
798.912	0.0	-37.5 to 37.5	7	399456
799.928	0.0	-37.5 to -12.5	9	399964
799.928	0.0	-37.5 to -12.5	9	399964
800.944	0.0	-37.5 to 12.5	8	400472
800.944	0.0	-37.5 to 12.5	8	400472
801.96	0.0	-37.5 to -12.5	9	400980
801.96	0.0	-37.5 to -12.5	9	400980
802.976	0.0	deviant	10	401488
802.976	0.0	deviant	10	401488
803.99	0.0	-37.5 to 37.5	7	401995
803.99	0.0	-37.5 to 37.5	7	401995
805.006	0.0	-37.5 to 12.5	8	402503
805.006	0.0	-37.5 to 12.5	8	402503
806.022	0.0	-37.5 to -12.5	9	403011
806.022	0.0	-37.5 to -12.5	9	403011
807.038	0.0	-37.5 to 12.5	8	403519
807.038	0.0	-37.5 to 12.5	8	403519
808.054	0.0	-37.5 to 37.5	7	404027
808.054	0.0	-37.5 to 37.5	7	404027
809.07	0.0	-37.5 to 12.5	8	404535
809.07	0.0	-37.5 to 12.5	8	404535
810.086	0.0	-37.5 to 37.5	7	405043
810.086	0.0	-37.5 to 37.5	7	405043
811.1	0.0	-37.5 to -12.5	9	405550
811.1	0.0	-37.5 to -12.5	9	405550
812.116	0.0	-37.5 to 12.5	8	406058
812.116	0.0	-37.5 to 12.5	8	406058
813.132	0.0	-37.5 to 37.5	7	406566
813.132	0.0	-37.5 to 37.5	7	406566
814.148	0.0	-37.5 to -12.5	9	407074
814.148	0.0	-37.5 to -12.5	9	407074
815.164	0.0	-37.5 to 37.5	7	407582
815.164	0.0	-37.5 to 37.5	7	407582
816.18	0.0	deviant	10	408090
816.18	0.0	deviant	10	408090
817.196	0.0	-37.5 to -12.5	9	408598
817.196	0.0	-37.5 to -12.5	9	408598
818.212	0.0	-37.5 to 12.5	8	409106
818.212	0.0	-37.5 to 12.5	8	409106
819.226	0.0	37.5 to -37.5	6	409613
819.226	0.0	37.5 to -37.5	6	409613
820.242	0.0	37.5 to -12.5	5	410121
820.242	0.0	37.5 to -12.5	5	410121
821.258	0.0	37.5 to 12.5	4	410629
821.258	0.0	37.5 to 12.5	4	410629
822.274	0.0	37.5 to -37.5	6	411137
822.274	0.0	37.5 to -37.5	6	411137
823.29	0.0	37.5 to -12.5	5	411645
823.29	0.0	37.5 to -12.5	5	411645
824.306	0.0	37.5 to 12.5	4	412153
824.306	0.0	37.5 to 12.5	4	412153
825.322	0.0	deviant	10	412661
825.322	0.0	deviant	10	412661
826.336	0.0	37.5 to -12.5	5	413168
826.336	0.0	37.5 to -12.5	5	413168
827.356	0.0	37.5 to 12.5	4	413678
827.356	0.0	37.5 to 12.5	4	413678
828.368	0.0	37.5 to -37.5	6	414184
828.368	0.0	37.5 to -37.5	6	414184
829.384	0.0	37.5 to -12.5	5	414692
829.384	0.0	37.5 to -12.5	5	414692
830.4	0.0	37.5 to 12.5	4	415200
830.4	0.0	37.5 to 12.5	4	415200
831.416	0.0	37.5 to -37.5	6	415708
831.416	0.0	37.5 to -37.5	6	415708
832.432	0.0	37.5 to 12.5	4	416216
832.432	0.0	37.5 to 12.5	4	416216
833.446	0.0	37.5 to -37.5	6	416723
833.446	0.0	37.5 to -37.5	6	416723
834.462	0.0	37.5 to -12.5	5	417231
834.462	0.0	37.5 to -12.5	5	417231
835.478	0.0	37.5 to -37.5	6	417739
835.478	0.0	37.5 to -37.5	6	417739
836.494	0.0	37.5 to -12.5	5	418247
836.494	0.0	37.5 to -12.5	5	418247
837.51	0.0	37.5 to 12.5	4	418755
837.51	0.0	37.5 to 12.5	4	418755
838.526	0.0	37.5 to -37.5	6	419263
838.526	0.0	37.5 to -37.5	6	419263
839.542	0.0	37.5 to 12.5	4	419771
839.542	0.0	37.5 to 12.5	4	419771
840.558	0.0	37.5 to -12.5	5	420279
840.558	0.0	37.5 to -12.5	5	420279
841.572	0.0	37.5 to -37.5	6	420786
841.572	0.0	37.5 to -37.5	6	420786
842.588	0.0	37.5 to 12.5	4	421294
842.588	0.0	37.5 to 12.5	4	421294
843.608	0.0	37.5 to -12.5	5	421804
843.608	0.0	37.5 to -12.5	5	421804
844.636	0.0	37.5 to 12.5	4	422318
844.636	0.0	37.5 to 12.5	4	422318
845.666	0.0	37.5 to -37.5	6	422833
845.666	0.0	37.5 to -37.5	6	422833
846.698	0.0	37.5 to -12.5	5	423349
846.698	0.0	37.5 to -12.5	5	423349
847.714	0.0	37.5 to 12.5	4	423857
847.714	0.0	37.5 to 12.5	4	423857
848.732	0.0	deviant	10	424366
848.732	0.0	deviant	10	424366
849.746	0.0	37.5 to -37.5	6	424873
849.746	0.0	37.5 to -37.5	6	424873
850.762	0.0	37.5 to -12.5	5	425381
850.762	0.0	37.5 to -12.5	5	425381
851.778	0.0	-37.5 to -12.5	9	425889
851.778	0.0	-37.5 to -12.5	9	425889
852.792	0.0	-37.5 to 12.5	8	426396
852.792	0.0	-37.5 to 12.5	8	426396
853.808	0.0	-37.5 to 37.5	7	426904
853.808	0.0	-37.5 to 37.5	7	426904
854.824	0.0	-37.5 to -12.5	9	427412
854.824	0.0	-37.5 to -12.5	9	427412
855.84	0.0	-37.5 to 12.5	8	427920
855.84	0.0	-37.5 to 12.5	8	427920
856.856	0.0	-37.5 to 37.5	7	428428
856.856	0.0	-37.5 to 37.5	7	428428
857.856	0.0	-37.5 to -12.5	9	428928
857.856	0.0	-37.5 to -12.5	9	428928
858.856	0.0	-37.5 to 12.5	8	429428
858.856	0.0	-37.5 to 12.5	8	429428
859.872	0.0	-37.5 to 37.5	7	429936
859.872	0.0	-37.5 to 37.5	7	429936
860.888	0.0	-37.5 to -12.5	9	430444
860.888	0.0	-37.5 to -12.5	9	430444
861.904	0.0	-37.5 to 37.5	7	430952
861.904	0.0	-37.5 to 37.5	7	430952
862.918	0.0	-37.5 to 12.5	8	431459
862.918	0.0	-37.5 to 12.5	8	431459
863.934	0.0	-37.5 to 37.5	7	431967
863.934	0.0	-37.5 to 37.5	7	431967
864.95	0.0	-37.5 to -12.5	9	432475
864.95	0.0	-37.5 to -12.5	9	432475
865.966	0.0	-37.5 to 12.5	8	432983
865.966	0.0	-37.5 to 12.5	8	432983
866.982	0.0	-37.5 to -12.5	9	433491
866.982	0.0	-37.5 to -12.5	9	433491
867.998	0.0	-37.5 to 37.5	7	433999
867.998	0.0	-37.5 to 37.5	7	433999
869.014	0.0	-37.5 to 12.5	8	434507
869.014	0.0	-37.5 to 12.5	8	434507
870.028	0.0	-37.5 to 37.5	7	435014
870.028	0.0	-37.5 to 37.5	7	435014
871.044	0.0	-37.5 to -12.5	9	435522
871.044	0.0	-37.5 to -12.5	9	435522
872.076	0.0	-37.5 to 12.5	8	436038
872.076	0.0	-37.5 to 12.5	8	436038
873.092	0.0	-37.5 to 37.5	7	436546
873.092	0.0	-37.5 to 37.5	7	436546
874.124	0.0	-37.5 to 12.5	8	437062
874.124	0.0	-37.5 to 12.5	8	437062
875.138	0.0	-37.5 to -12.5	9	437569
875.138	0.0	-37.5 to -12.5	9	437569
876.156	0.0	-37.5 to 12.5	8	438078
876.156	0.0	-37.5 to 12.5	8	438078
877.17	0.0	-37.5 to -12.5	9	438585
877.17	0.0	-37.5 to -12.5	9	438585
878.186	0.0	-37.5 to 37.5	7	439093
878.186	0.0	-37.5 to 37.5	7	439093
879.206	0.0	deviant	10	439603
879.206	0.0	deviant	10	439603
880.218	0.0	-37.5 to 12.5	8	440109
880.218	0.0	-37.5 to 12.5	8	440109
881.234	0.0	-37.5 to -12.5	9	440617
881.234	0.0	-37.5 to -12.5	9	440617
882.248	0.0	-37.5 to 37.5	7	441124
882.248	0.0	-37.5 to 37.5	7	441124
883.264	0.0	37.5 to -12.5	5	441632
883.264	0.0	37.5 to -12.5	5	441632
884.28	0.0	37.5 to -37.5	6	442140
884.28	0.0	37.5 to -37.5	6	442140
885.296	0.0	37.5 to 12.5	4	442648
885.296	0.0	37.5 to 12.5	4	442648
886.312	0.0	37.5 to -12.5	5	443156
886.312	0.0	37.5 to -12.5	5	443156
887.328	0.0	37.5 to -37.5	6	443664
887.328	0.0	37.5 to -37.5	6	443664
888.344	0.0	37.5 to 12.5	4	444172
888.344	0.0	37.5 to 12.5	4	444172
889.36	0.0	37.5 to -37.5	6	444680
889.36	0.0	37.5 to -37.5	6	444680
890.374	0.0	37.5 to 12.5	4	445187
890.374	0.0	37.5 to 12.5	4	445187
891.39	0.0	37.5 to -12.5	5	445695
891.39	0.0	37.5 to -12.5	5	445695
892.408	0.0	37.5 to 12.5	4	446204
892.408	0.0	37.5 to 12.5	4	446204
893.422	0.0	37.5 to -37.5	6	446711
893.422	0.0	37.5 to -37.5	6	446711
894.438	0.0	37.5 to -12.5	5	447219
894.438	0.0	37.5 to -12.5	5	447219
895.454	0.0	37.5 to 12.5	4	447727
895.454	0.0	37.5 to 12.5	4	447727
896.454	0.0	37.5 to -12.5	5	448227
896.454	0.0	37.5 to -12.5	5	448227
897.454	0.0	37.5 to -37.5	6	448727
897.454	0.0	37.5 to -37.5	6	448727
898.454	0.0	37.5 to 12.5	4	449227
898.454	0.0	37.5 to 12.5	4	449227
899.454	0.0	37.5 to -12.5	5	449727
899.454	0.0	37.5 to -12.5	5	449727
900.454	0.0	37.5 to -37.5	6	450227
900.454	0.0	37.5 to -37.5	6	450227
901.454	0.0	37.5 to -12.5	5	450727
901.454	0.0	37.5 to -12.5	5	450727
902.456	0.0	deviant	10	451228
902.456	0.0	deviant	10	451228
903.47	0.0	37.5 to -37.5	6	451735
903.47	0.0	37.5 to -37.5	6	451735
904.486	0.0	37.5 to 12.5	4	452243
904.486	0.0	37.5 to 12.5	4	452243
905.502	0.0	37.5 to -37.5	6	452751
905.502	0.0	37.5 to -37.5	6	452751
906.518	0.0	37.5 to -12.5	5	453259
906.518	0.0	37.5 to -12.5	5	453259
907.532	0.0	37.5 to 12.5	4	453766
907.532	0.0	37.5 to 12.5	4	453766
908.548	0.0	37.5 to -12.5	5	454274
908.548	0.0	37.5 to -12.5	5	454274
909.564	0.0	37.5 to -37.5	6	454782
909.564	0.0	37.5 to -37.5	6	454782
910.596	0.0	37.5 to 12.5	4	455298
910.596	0.0	37.5 to 12.5	4	455298
911.628	0.0	37.5 to -12.5	5	455814
911.628	0.0	37.5 to -12.5	5	455814
912.642	0.0	37.5 to 12.5	4	456321
912.642	0.0	37.5 to 12.5	4	456321
913.658	0.0	37.5 to -37.5	6	456829
913.658	0.0	37.5 to -37.5	6	456829
914.674	0.0	-37.5 to 37.5	7	457337
914.674	0.0	-37.5 to 37.5	7	457337
915.69	0.0	-37.5 to -12.5	9	457845
915.69	0.0	-37.5 to -12.5	9	457845
916.706	0.0	-37.5 to 12.5	8	458353
916.706	0.0	-37.5 to 12.5	8	458353
917.722	0.0	-37.5 to 37.5	7	458861
917.722	0.0	-37.5 to 37.5	7	458861
918.738	0.0	-37.5 to -12.5	9	459369
918.738	0.0	-37.5 to -12.5	9	459369
919.754	0.0	-37.5 to 12.5	8	459877
919.754	0.0	-37.5 to 12.5	8	459877
920.768	0.0	-37.5 to 37.5	7	460384
920.768	0.0	-37.5 to 37.5	7	460384
921.784	0.0	-37.5 to -12.5	9	460892
921.784	0.0	-37.5 to -12.5	9	460892
922.8	0.0	-37.5 to 12.5	8	461400
922.8	0.0	-37.5 to 12.5	8	461400
923.816	0.0	-37.5 to 37.5	7	461908
923.816	0.0	-37.5 to 37.5	7	461908
924.832	0.0	-37.5 to 12.5	8	462416
924.832	0.0	-37.5 to 12.5	8	462416
925.848	0.0	deviant	10	462924
925.848	0.0	deviant	10	462924
926.864	0.0	-37.5 to -12.5	9	463432
926.864	0.0	-37.5 to -12.5	9	463432
927.878	0.0	-37.5 to 12.5	8	463939
927.878	0.0	-37.5 to 12.5	8	463939
928.894	0.0	-37.5 to 37.5	7	464447
928.894	0.0	-37.5 to 37.5	7	464447
929.91	0.0	-37.5 to -12.5	9	464955
929.91	0.0	-37.5 to -12.5	9	464955
930.926	0.0	-37.5 to 37.5	7	465463
930.926	0.0	-37.5 to 37.5	7	465463
931.942	0.0	-37.5 to -12.5	9	465971
931.942	0.0	-37.5 to -12.5	9	465971
932.958	0.0	-37.5 to 12.5	8	466479
932.958	0.0	-37.5 to 12.5	8	466479
933.972	0.0	-37.5 to -12.5	9	466986
933.972	0.0	-37.5 to -12.5	9	466986
935.008	0.0	-37.5 to 12.5	8	467504
935.008	0.0	-37.5 to 12.5	8	467504
936.02	0.0	-37.5 to 37.5	7	468010
936.02	0.0	-37.5 to 37.5	7	468010
937.036	0.0	-37.5 to 12.5	8	468518
937.036	0.0	-37.5 to 12.5	8	468518
938.052	0.0	-37.5 to 37.5	7	469026
938.052	0.0	-37.5 to 37.5	7	469026
939.068	0.0	-37.5 to -12.5	9	469534
939.068	0.0	-37.5 to -12.5	9	469534
940.084	0.0	-37.5 to 12.5	8	470042
940.084	0.0	-37.5 to 12.5	8	470042
941.098	0.0	-37.5 to -12.5	9	470549
941.098	0.0	-37.5 to -12.5	9	470549
942.114	0.0	-37.5 to 37.5	7	471057
942.114	0.0	-37.5 to 37.5	7	471057
943.13	0.0	-37.5 to -12.5	9	471565
943.13	0.0	-37.5 to -12.5	9	471565
944.146	0.0	-37.5 to 37.5	7	472073
944.146	0.0	-37.5 to 37.5	7	472073
945.162	0.0	-37.5 to 12.5	8	472581
945.162	0.0	-37.5 to 12.5	8	472581
946.178	0.0	37.5 to -37.5	6	473089
946.178	0.0	37.5 to -37.5	6	473089
947.194	0.0	37.5 to -12.5	5	473597
947.194	0.0	37.5 to -12.5	5	473597
948.208	0.0	37.5 to 12.5	4	474104
948.208	0.0	37.5 to 12.5	4	474104
949.224	0.0	37.5 to -37.5	6	474612
949.224	0.0	37.5 to -37.5	6	474612
950.24	0.0	37.5 to -12.5	5	475120
950.24	0.0	37.5 to -12.5	5	475120
951.256	0.0	37.5 to 12.5	4	475628
951.256	0.0	37.5 to 12.5	4	475628
952.256	0.0	37.5 to -37.5	6	476128
952.256	0.0	37.5 to -37.5	6	476128
953.256	0.0	37.5 to 12.5	4	476628
953.256	0.0	37.5 to 12.5	4	476628
954.256	0.0	37.5 to -12.5	5	477128
954.256	0.0	37.5 to -12.5	5	477128
955.256	0.0	37.5 to -37.5	6	477628
955.256	0.0	37.5 to -37.5	6	477628
956.256	0.0	37.5 to 12.5	4	478128
956.256	0.0	37.5 to 12.5	4	478128
957.256	0.0	37.5 to -12.5	5	478628
957.256	0.0	37.5 to -12.5	5	478628
958.256	0.0	37.5 to -37.5	6	479128
958.256	0.0	37.5 to -37.5	6	479128
959.272	0.0	37.5 to 12.5	4	479636
959.272	0.0	37.5 to 12.5	4	479636
960.288	0.0	37.5 to -12.5	5	480144
960.288	0.0	37.5 to -12.5	5	480144
961.304	0.0	37.5 to -37.5	6	480652
961.304	0.0	37.5 to -37.5	6	480652
962.32	0.0	37.5 to 12.5	4	481160
962.32	0.0	37.5 to 12.5	4	481160
963.336	0.0	37.5 to -12.5	5	481668
963.336	0.0	37.5 to -12.5	5	481668
964.352	0.0	37.5 to -37.5	6	482176
964.352	0.0	37.5 to -37.5	6	482176
965.368	0.0	37.5 to -12.5	5	482684
965.368	0.0	37.5 to -12.5	5	482684
966.384	0.0	deviant	10	483192
966.384	0.0	deviant	10	483192
967.398	0.0	37.5 to 12.5	4	483699
967.398	0.0	37.5 to 12.5	4	483699
968.414	0.0	37.5 to -12.5	5	484207
968.414	0.0	37.5 to -12.5	5	484207
969.43	0.0	37.5 to -37.5	6	484715
969.43	0.0	37.5 to -37.5	6	484715
970.446	0.0	37.5 to 12.5	4	485223
970.446	0.0	37.5 to 12.5	4	485223
971.462	0.0	37.5 to -12.5	5	485731
971.462	0.0	37.5 to -12.5	5	485731
972.478	0.0	37.5 to 12.5	4	486239
972.478	0.0	37.5 to 12.5	4	486239
973.492	0.0	37.5 to -37.5	6	486746
973.492	0.0	37.5 to -37.5	6	486746
974.508	0.0	37.5 to -12.5	5	487254
974.508	0.0	37.5 to -12.5	5	487254
975.524	0.0	37.5 to -37.5	6	487762
975.524	0.0	37.5 to -37.5	6	487762
976.556	0.0	37.5 to 12.5	4	488278
976.556	0.0	37.5 to 12.5	4	488278
977.572	0.0	-37.5 to 37.5	7	488786
977.572	0.0	-37.5 to 37.5	7	488786
978.588	0.0	-37.5 to 12.5	8	489294
978.588	0.0	-37.5 to 12.5	8	489294
979.602	0.0	-37.5 to -12.5	9	489801
979.602	0.0	-37.5 to -12.5	9	489801
980.618	0.0	-37.5 to 37.5	7	490309
980.618	0.0	-37.5 to 37.5	7	490309
981.634	0.0	-37.5 to 12.5	8	490817
981.634	0.0	-37.5 to 12.5	8	490817
982.65	0.0	-37.5 to -12.5	9	491325
982.65	0.0	-37.5 to -12.5	9	491325
983.666	0.0	-37.5 to 12.5	8	491833
983.666	0.0	-37.5 to 12.5	8	491833
984.682	0.0	-37.5 to -12.5	9	492341
984.682	0.0	-37.5 to -12.5	9	492341
985.698	0.0	-37.5 to 37.5	7	492849
985.698	0.0	-37.5 to 37.5	7	492849
986.714	0.0	-37.5 to 12.5	8	493357
986.714	0.0	-37.5 to 12.5	8	493357
987.728	0.0	-37.5 to 37.5	7	493864
987.728	0.0	-37.5 to 37.5	7	493864
988.744	0.0	-37.5 to -12.5	9	494372
988.744	0.0	-37.5 to -12.5	9	494372
989.76	0.0	-37.5 to 37.5	7	494880
989.76	0.0	-37.5 to 37.5	7	494880
990.776	0.0	-37.5 to -12.5	9	495388
990.776	0.0	-37.5 to -12.5	9	495388
991.792	0.0	-37.5 to 12.5	8	495896
991.792	0.0	-37.5 to 12.5	8	495896
992.81	0.0	-37.5 to 37.5	7	496405
992.81	0.0	-37.5 to 37.5	7	496405
993.824	0.0	-37.5 to 12.5	8	496912
993.824	0.0	-37.5 to 12.5	8	496912
994.838	0.0	-37.5 to -12.5	9	497419
994.838	0.0	-37.5 to -12.5	9	497419
995.854	0.0	-37.5 to 12.5	8	497927
995.854	0.0	-37.5 to 12.5	8	497927
996.87	0.0	-37.5 to -12.5	9	498435
996.87	0.0	-37.5 to -12.5	9	498435
997.886	0.0	-37.5 to 37.5	7	498943
997.886	0.0	-37.5 to 37.5	7	498943
998.902	0.0	-37.5 to -12.5	9	499451
998.902	0.0	-37.5 to -12.5	9	499451
999.918	0.0	-37.5 to 37.5	7	499959
999.918	0.0	-37.5 to 37.5	7	499959
1000.934	0.0	-37.5 to 12.5	8	500467
1000.934	0.0	-37.5 to 12.5	8	500467
1001.948	0.0	-37.5 to -12.5	9	500974
1001.948	0.0	-37.5 to -12.5	9	500974
1002.964	0.0	-37.5 to 12.5	8	501482
1002.964	0.0	-37.5 to 12.5	8	501482
1003.98	0.0	-37.5 to 37.5	7	501990
1003.98	0.0	-37.5 to 37.5	7	501990
1004.996	0.0	-37.5 to 12.5	8	502498
1004.996	0.0	-37.5 to 12.5	8	502498
1006.012	0.0	-37.5 to 37.5	7	503006
1006.012	0.0	-37.5 to 37.5	7	503006
1007.028	0.0	-37.5 to -12.5	9	503514
1007.028	0.0	-37.5 to -12.5	9	503514
1008.044	0.0	37.5 to 12.5	4	504022
1008.044	0.0	37.5 to 12.5	4	504022
1009.074	0.0	37.5 to -37.5	6	504537
1009.074	0.0	37.5 to -37.5	6	504537
1010.09	0.0	37.5 to -12.5	5	505045
1010.09	0.0	37.5 to -12.5	5	505045
1011.106	0.0	37.5 to 12.5	4	505553
1011.106	0.0	37.5 to 12.5	4	505553
1012.122	0.0	37.5 to -37.5	6	506061
1012.122	0.0	37.5 to -37.5	6	506061
1013.138	0.0	37.5 to -12.5	5	506569
1013.138	0.0	37.5 to -12.5	5	506569
1014.154	0.0	37.5 to -37.5	6	507077
1014.154	0.0	37.5 to -37.5	6	507077
1015.17	0.0	37.5 to -12.5	5	507585
1015.17	0.0	37.5 to -12.5	5	507585
1016.184	0.0	37.5 to 12.5	4	508092
1016.184	0.0	37.5 to 12.5	4	508092
1017.2	0.0	37.5 to -37.5	6	508600
1017.2	0.0	37.5 to -37.5	6	508600
1018.216	0.0	37.5 to 12.5	4	509108
1018.216	0.0	37.5 to 12.5	4	509108
1019.232	0.0	37.5 to -12.5	5	509616
1019.232	0.0	37.5 to -12.5	5	509616
1020.248	0.0	37.5 to -37.5	6	510124
1020.248	0.0	37.5 to -37.5	6	510124
1021.264	0.0	37.5 to 12.5	4	510632
1021.264	0.0	37.5 to 12.5	4	510632
1022.28	0.0	37.5 to -12.5	5	511140
1022.28	0.0	37.5 to -12.5	5	511140
1023.294	0.0	37.5 to 12.5	4	511647
1023.294	0.0	37.5 to 12.5	4	511647
1024.31	0.0	37.5 to -12.5	5	512155
1024.31	0.0	37.5 to -12.5	5	512155
1025.328	0.0	deviant	10	512664
1025.328	0.0	deviant	10	512664
1026.342	0.0	37.5 to -37.5	6	513171
1026.342	0.0	37.5 to -37.5	6	513171
1027.374	0.0	37.5 to 12.5	4	513687
1027.374	0.0	37.5 to 12.5	4	513687
1028.408	0.0	37.5 to -37.5	6	514204
1028.408	0.0	37.5 to -37.5	6	514204
1029.42	0.0	37.5 to -12.5	5	514710
1029.42	0.0	37.5 to -12.5	5	514710
1030.436	0.0	37.5 to -37.5	6	515218
1030.436	0.0	37.5 to -37.5	6	515218
1031.452	0.0	37.5 to -12.5	5	515726
1031.452	0.0	37.5 to -12.5	5	515726
1032.468	0.0	37.5 to 12.5	4	516234
1032.468	0.0	37.5 to 12.5	4	516234
1033.484	0.0	37.5 to -12.5	5	516742
1033.484	0.0	37.5 to -12.5	5	516742
1034.5	0.0	37.5 to -37.5	6	517250
1034.5	0.0	37.5 to -37.5	6	517250
1035.514	0.0	37.5 to 12.5	4	517757
1035.514	0.0	37.5 to 12.5	4	517757
1036.53	0.0	37.5 to -37.5	6	518265
1036.53	0.0	37.5 to -37.5	6	518265
1037.546	0.0	37.5 to 12.5	4	518773
1037.546	0.0	37.5 to 12.5	4	518773
1038.562	0.0	37.5 to -12.5	5	519281
1038.562	0.0	37.5 to -12.5	5	519281
1046.96	0.0	37.5 to 12.5	4	523480
1046.96	0.0	37.5 to 12.5	4	523480
1047.976	0.0	37.5 to -12.5	5	523988
1047.976	0.0	37.5 to -12.5	5	523988
1048.99	0.0	37.5 to -37.5	6	524495
1048.99	0.0	37.5 to -37.5	6	524495
1050.006	0.0	37.5 to 12.5	4	525003
1050.006	0.0	37.5 to 12.5	4	525003
1051.006	0.0	37.5 to -12.5	5	525503
1051.006	0.0	37.5 to -12.5	5	525503
1052.024	0.0	37.5 to -37.5	6	526012
1052.024	0.0	37.5 to -37.5	6	526012
1053.038	0.0	37.5 to -12.5	5	526519
1053.038	0.0	37.5 to -12.5	5	526519
1054.054	0.0	37.5 to 12.5	4	527027
1054.054	0.0	37.5 to 12.5	4	527027
1055.07	0.0	37.5 to -37.5	6	527535
1055.07	0.0	37.5 to -37.5	6	527535
1056.088	0.0	deviant	10	528044
1056.088	0.0	deviant	10	528044
1057.102	0.0	37.5 to 12.5	4	528551
1057.102	0.0	37.5 to 12.5	4	528551
1058.116	0.0	37.5 to -12.5	5	529058
1058.116	0.0	37.5 to -12.5	5	529058
1059.132	0.0	37.5 to -37.5	6	529566
1059.132	0.0	37.5 to -37.5	6	529566
1060.15	0.0	37.5 to -12.5	5	530075
1060.15	0.0	37.5 to -12.5	5	530075
1061.164	0.0	37.5 to -37.5	6	530582
1061.164	0.0	37.5 to -37.5	6	530582
1062.18	0.0	37.5 to 12.5	4	531090
1062.18	0.0	37.5 to 12.5	4	531090
1063.196	0.0	37.5 to -37.5	6	531598
1063.196	0.0	37.5 to -37.5	6	531598
1064.212	0.0	37.5 to 12.5	4	532106
1064.212	0.0	37.5 to 12.5	4	532106
1065.226	0.0	37.5 to -12.5	5	532613
1065.226	0.0	37.5 to -12.5	5	532613
1066.242	0.0	37.5 to -37.5	6	533121
1066.242	0.0	37.5 to -37.5	6	533121
1067.258	0.0	37.5 to -12.5	5	533629
1067.258	0.0	37.5 to -12.5	5	533629
1068.274	0.0	37.5 to 12.5	4	534137
1068.274	0.0	37.5 to 12.5	4	534137
1069.29	0.0	37.5 to -12.5	5	534645
1069.29	0.0	37.5 to -12.5	5	534645
1070.308	0.0	37.5 to 12.5	4	535154
1070.308	0.0	37.5 to 12.5	4	535154
1071.322	0.0	37.5 to -37.5	6	535661
1071.322	0.0	37.5 to -37.5	6	535661
1072.338	0.0	37.5 to -12.5	5	536169
1072.338	0.0	37.5 to -12.5	5	536169
1073.36	0.0	deviant	10	536680
1073.36	0.0	deviant	10	536680
1074.368	0.0	37.5 to 12.5	4	537184
1074.368	0.0	37.5 to 12.5	4	537184
1075.384	0.0	37.5 to -37.5	6	537692
1075.384	0.0	37.5 to -37.5	6	537692
1076.402	0.0	37.5 to 12.5	4	538201
1076.402	0.0	37.5 to 12.5	4	538201
1077.416	0.0	37.5 to -12.5	5	538708
1077.416	0.0	37.5 to -12.5	5	538708
1078.432	0.0	37.5 to -37.5	6	539216
1078.432	0.0	37.5 to -37.5	6	539216
1079.448	0.0	-37.5 to 12.5	8	539724
1079.448	0.0	-37.5 to 12.5	8	539724
1080.464	0.0	-37.5 to -12.5	9	540232
1080.464	0.0	-37.5 to -12.5	9	540232
1081.478	0.0	-37.5 to 37.5	7	540739
1081.478	0.0	-37.5 to 37.5	7	540739
1082.494	0.0	-37.5 to 12.5	8	541247
1082.494	0.0	-37.5 to 12.5	8	541247
1083.51	0.0	-37.5 to -12.5	9	541755
1083.51	0.0	-37.5 to -12.5	9	541755
1084.526	0.0	-37.5 to 37.5	7	542263
1084.526	0.0	-37.5 to 37.5	7	542263
1085.542	0.0	-37.5 to -12.5	9	542771
1085.542	0.0	-37.5 to -12.5	9	542771
1086.562	0.0	deviant	10	543281
1086.562	0.0	deviant	10	543281
1087.574	0.0	-37.5 to 37.5	7	543787
1087.574	0.0	-37.5 to 37.5	7	543787
1088.59	0.0	-37.5 to 12.5	8	544295
1088.59	0.0	-37.5 to 12.5	8	544295
1089.604	0.0	-37.5 to -12.5	9	544802
1089.604	0.0	-37.5 to -12.5	9	544802
1090.62	0.0	-37.5 to 12.5	8	545310
1090.62	0.0	-37.5 to 12.5	8	545310
1091.636	0.0	-37.5 to 37.5	7	545818
1091.636	0.0	-37.5 to 37.5	7	545818
1092.652	0.0	deviant	10	546326
1092.652	0.0	deviant	10	546326
1093.668	0.0	-37.5 to -12.5	9	546834
1093.668	0.0	-37.5 to -12.5	9	546834
1094.684	0.0	-37.5 to 37.5	7	547342
1094.684	0.0	-37.5 to 37.5	7	547342
1095.698	0.0	-37.5 to 12.5	8	547849
1095.698	0.0	-37.5 to 12.5	8	547849
1096.716	0.0	-37.5 to -12.5	9	548358
1096.716	0.0	-37.5 to -12.5	9	548358
1097.73	0.0	-37.5 to 37.5	7	548865
1097.73	0.0	-37.5 to 37.5	7	548865
1098.746	0.0	-37.5 to 12.5	8	549373
1098.746	0.0	-37.5 to 12.5	8	549373
1099.762	0.0	-37.5 to -12.5	9	549881
1099.762	0.0	-37.5 to -12.5	9	549881
1100.78	0.0	deviant	10	550390
1100.78	0.0	deviant	10	550390
1101.792	0.0	-37.5 to 37.5	7	550896
1101.792	0.0	-37.5 to 37.5	7	550896
1102.824	0.0	-37.5 to 12.5	8	551412
1102.824	0.0	-37.5 to 12.5	8	551412
1103.856	0.0	-37.5 to 37.5	7	551928
1103.856	0.0	-37.5 to 37.5	7	551928
1104.872	0.0	-37.5 to -12.5	9	552436
1104.872	0.0	-37.5 to -12.5	9	552436
1105.888	0.0	-37.5 to 12.5	8	552944
1105.888	0.0	-37.5 to 12.5	8	552944
1106.91	0.0	-37.5 to 37.5	7	553455
1106.91	0.0	-37.5 to 37.5	7	553455
1107.918	0.0	-37.5 to -12.5	9	553959
1107.918	0.0	-37.5 to -12.5	9	553959
1108.934	0.0	-37.5 to 12.5	8	554467
1108.934	0.0	-37.5 to 12.5	8	554467
1109.95	0.0	-37.5 to 37.5	7	554975
1109.95	0.0	-37.5 to 37.5	7	554975
1110.966	0.0	-37.5 to 12.5	8	555483
1110.966	0.0	-37.5 to 12.5	8	555483
1111.982	0.0	-37.5 to -12.5	9	555991
1111.982	0.0	-37.5 to -12.5	9	555991
1112.998	0.0	37.5 to -12.5	5	556499
1112.998	0.0	37.5 to -12.5	5	556499
1114.014	0.0	37.5 to 12.5	4	557007
1114.014	0.0	37.5 to 12.5	4	557007
1115.03	0.0	37.5 to -37.5	6	557515
1115.03	0.0	37.5 to -37.5	6	557515
1116.044	0.0	37.5 to -12.5	5	558022
1116.044	0.0	37.5 to -12.5	5	558022
1117.076	0.0	37.5 to 12.5	4	558538
1117.076	0.0	37.5 to 12.5	4	558538
1118.092	0.0	37.5 to -37.5	6	559046
1118.092	0.0	37.5 to -37.5	6	559046
1119.108	0.0	37.5 to -12.5	5	559554
1119.108	0.0	37.5 to -12.5	5	559554
1120.124	0.0	37.5 to 12.5	4	560062
1120.124	0.0	37.5 to 12.5	4	560062
1121.138	0.0	37.5 to -37.5	6	560569
1121.138	0.0	37.5 to -37.5	6	560569
1122.158	0.0	37.5 to -12.5	5	561079
1122.158	0.0	37.5 to -12.5	5	561079
1123.17	0.0	37.5 to 12.5	4	561585
1123.17	0.0	37.5 to 12.5	4	561585
1124.186	0.0	37.5 to -37.5	6	562093
1124.186	0.0	37.5 to -37.5	6	562093
1125.202	0.0	37.5 to 12.5	4	562601
1125.202	0.0	37.5 to 12.5	4	562601
1126.218	0.0	37.5 to -12.5	5	563109
1126.218	0.0	37.5 to -12.5	5	563109
1127.234	0.0	37.5 to -37.5	6	563617
1127.234	0.0	37.5 to -37.5	6	563617
1128.25	0.0	37.5 to -12.5	5	564125
1128.25	0.0	37.5 to -12.5	5	564125
1129.264	0.0	37.5 to 12.5	4	564632
1129.264	0.0	37.5 to 12.5	4	564632
1130.28	0.0	37.5 to -37.5	6	565140
1130.28	0.0	37.5 to -37.5	6	565140
1131.296	0.0	37.5 to 12.5	4	565648
1131.296	0.0	37.5 to 12.5	4	565648
1132.314	0.0	deviant	10	566157
1132.314	0.0	deviant	10	566157
1133.328	0.0	37.5 to -37.5	6	566664
1133.328	0.0	37.5 to -37.5	6	566664
1134.344	0.0	37.5 to -12.5	5	567172
1134.344	0.0	37.5 to -12.5	5	567172
1135.362	0.0	37.5 to -37.5	6	567681
1135.362	0.0	37.5 to -37.5	6	567681
1136.374	0.0	37.5 to -12.5	5	568187
1136.374	0.0	37.5 to -12.5	5	568187
1137.39	0.0	37.5 to 12.5	4	568695
1137.39	0.0	37.5 to 12.5	4	568695
1138.406	0.0	37.5 to -37.5	6	569203
1138.406	0.0	37.5 to -37.5	6	569203
1139.406	0.0	37.5 to -12.5	5	569703
1139.406	0.0	37.5 to -12.5	5	569703
1140.406	0.0	37.5 to 12.5	4	570203
1140.406	0.0	37.5 to 12.5	4	570203
1141.408	0.0	37.5 to -12.5	5	570704
1141.408	0.0	37.5 to -12.5	5	570704
1142.408	0.0	37.5 to 12.5	4	571204
1142.408	0.0	37.5 to 12.5	4	571204
1143.408	0.0	37.5 to -37.5	6	571704
1143.408	0.0	37.5 to -37.5	6	571704
1144.408	0.0	-37.5 to -12.5	9	572204
1144.408	0.0	-37.5 to -12.5	9	572204
1145.408	0.0	-37.5 to 12.5	8	572704
1145.408	0.0	-37.5 to 12.5	8	572704
1146.408	0.0	-37.5 to 37.5	7	573204
1146.408	0.0	-37.5 to 37.5	7	573204
1147.408	0.0	-37.5 to -12.5	9	573704
1147.408	0.0	-37.5 to -12.5	9	573704
1148.408	0.0	-37.5 to 12.5	8	574204
1148.408	0.0	-37.5 to 12.5	8	574204
1149.408	0.0	-37.5 to 37.5	7	574704
1149.408	0.0	-37.5 to 37.5	7	574704
1150.408	0.0	-37.5 to 12.5	8	575204
1150.408	0.0	-37.5 to 12.5	8	575204
1151.408	0.0	-37.5 to -12.5	9	575704
1151.408	0.0	-37.5 to -12.5	9	575704
1152.408	0.0	-37.5 to 37.5	7	576204
1152.408	0.0	-37.5 to 37.5	7	576204
1153.408	0.0	-37.5 to -12.5	9	576704
1153.408	0.0	-37.5 to -12.5	9	576704
1154.408	0.0	-37.5 to 12.5	8	577204
1154.408	0.0	-37.5 to 12.5	8	577204
1155.408	0.0	-37.5 to 37.5	7	577704
1155.408	0.0	-37.5 to 37.5	7	577704
1156.408	0.0	-37.5 to -12.5	9	578204
1156.408	0.0	-37.5 to -12.5	9	578204
1157.408	0.0	-37.5 to 37.5	7	578704
1157.408	0.0	-37.5 to 37.5	7	578704
1158.408	0.0	-37.5 to 12.5	8	579204
1158.408	0.0	-37.5 to 12.5	8	579204
1159.408	0.0	-37.5 to -12.5	9	579704
1159.408	0.0	-37.5 to -12.5	9	579704
1160.408	0.0	-37.5 to 37.5	7	580204
1160.408	0.0	-37.5 to 37.5	7	580204
1161.41	0.0	-37.5 to 12.5	8	580705
1161.41	0.0	-37.5 to 12.5	8	580705
1162.41	0.0	-37.5 to 37.5	7	581205
1162.41	0.0	-37.5 to 37.5	7	581205
1163.41	0.0	-37.5 to -12.5	9	581705
1163.41	0.0	-37.5 to -12.5	9	581705
1164.424	0.0	-37.5 to 12.5	8	582212
1164.424	0.0	-37.5 to 12.5	8	582212
1165.44	0.0	-37.5 to 37.5	7	582720
1165.44	0.0	-37.5 to 37.5	7	582720
1166.472	0.0	-37.5 to -12.5	9	583236
1166.472	0.0	-37.5 to -12.5	9	583236
1167.488	0.0	-37.5 to 12.5	8	583744
1167.488	0.0	-37.5 to 12.5	8	583744
1168.504	0.0	-37.5 to 37.5	7	584252
1168.504	0.0	-37.5 to 37.5	7	584252
1169.52	0.0	-37.5 to 12.5	8	584760
1169.52	0.0	-37.5 to 12.5	8	584760
1170.534	0.0	-37.5 to -12.5	9	585267
1170.534	0.0	-37.5 to -12.5	9	585267
1171.55	0.0	-37.5 to 37.5	7	585775
1171.55	0.0	-37.5 to 37.5	7	585775
1172.566	0.0	-37.5 to 12.5	8	586283
1172.566	0.0	-37.5 to 12.5	8	586283
1173.582	0.0	-37.5 to -12.5	9	586791
1173.582	0.0	-37.5 to -12.5	9	586791
1174.598	0.0	37.5 to 12.5	4	587299
1174.598	0.0	37.5 to 12.5	4	587299
1175.612	0.0	37.5 to -37.5	6	587806
1175.612	0.0	37.5 to -37.5	6	587806
1176.63	0.0	37.5 to -12.5	5	588315
1176.63	0.0	37.5 to -12.5	5	588315
1177.644	0.0	37.5 to 12.5	4	588822
1177.644	0.0	37.5 to 12.5	4	588822
1178.66	0.0	37.5 to -37.5	6	589330
1178.66	0.0	37.5 to -37.5	6	589330
1179.676	0.0	37.5 to -12.5	5	589838
1179.676	0.0	37.5 to -12.5	5	589838
1180.692	0.0	37.5 to -37.5	6	590346
1180.692	0.0	37.5 to -37.5	6	590346
1181.71	0.0	37.5 to 12.5	4	590855
1181.71	0.0	37.5 to 12.5	4	590855
1182.724	0.0	37.5 to -12.5	5	591362
1182.724	0.0	37.5 to -12.5	5	591362
1183.754	0.0	37.5 to 12.5	4	591877
1183.754	0.0	37.5 to 12.5	4	591877
1184.77	0.0	37.5 to -37.5	6	592385
1184.77	0.0	37.5 to -37.5	6	592385
1185.786	0.0	37.5 to -12.5	5	592893
1185.786	0.0	37.5 to -12.5	5	592893
1186.802	0.0	37.5 to 12.5	4	593401
1186.802	0.0	37.5 to 12.5	4	593401
1187.818	0.0	37.5 to -37.5	6	593909
1187.818	0.0	37.5 to -37.5	6	593909
1188.834	0.0	deviant	10	594417
1188.834	0.0	deviant	10	594417
1189.85	0.0	37.5 to -12.5	5	594925
1189.85	0.0	37.5 to -12.5	5	594925
1190.864	0.0	37.5 to 12.5	4	595432
1190.864	0.0	37.5 to 12.5	4	595432
1191.88	0.0	37.5 to -12.5	5	595940
1191.88	0.0	37.5 to -12.5	5	595940
1192.896	0.0	37.5 to -37.5	6	596448
1192.896	0.0	37.5 to -37.5	6	596448
1193.912	0.0	37.5 to 12.5	4	596956
1193.912	0.0	37.5 to 12.5	4	596956
1194.944	0.0	37.5 to -37.5	6	597472
1194.944	0.0	37.5 to -37.5	6	597472
1195.976	0.0	37.5 to -12.5	5	597988
1195.976	0.0	37.5 to -12.5	5	597988
1196.99	0.0	37.5 to -37.5	6	598495
1196.99	0.0	37.5 to -37.5	6	598495
1198.006	0.0	37.5 to -12.5	5	599003
1198.006	0.0	37.5 to -12.5	5	599003
1199.022	0.0	37.5 to 12.5	4	599511
1199.022	0.0	37.5 to 12.5	4	599511
1200.038	0.0	37.5 to -12.5	5	600019
1200.038	0.0	37.5 to -12.5	5	600019
1201.054	0.0	37.5 to -37.5	6	600527
1201.054	0.0	37.5 to -37.5	6	600527
1202.07	0.0	37.5 to 12.5	4	601035
1202.07	0.0	37.5 to 12.5	4	601035
1203.086	0.0	37.5 to -12.5	5	601543
1203.086	0.0	37.5 to -12.5	5	601543
1204.102	0.0	37.5 to -37.5	6	602051
1204.102	0.0	37.5 to -37.5	6	602051
1205.116	0.0	37.5 to 12.5	4	602558
1205.116	0.0	37.5 to 12.5	4	602558
1206.132	0.0	-37.5 to -12.5	9	603066
1206.132	0.0	-37.5 to -12.5	9	603066
1207.148	0.0	-37.5 to 12.5	8	603574
1207.148	0.0	-37.5 to 12.5	8	603574
1208.164	0.0	-37.5 to 37.5	7	604082
1208.164	0.0	-37.5 to 37.5	7	604082
1209.18	0.0	-37.5 to -12.5	9	604590
1209.18	0.0	-37.5 to -12.5	9	604590
1210.196	0.0	-37.5 to 12.5	8	605098
1210.196	0.0	-37.5 to 12.5	8	605098
1211.21	0.0	-37.5 to 37.5	7	605605
1211.21	0.0	-37.5 to 37.5	7	605605
1212.226	0.0	-37.5 to -12.5	9	606113
1212.226	0.0	-37.5 to -12.5	9	606113
1213.242	0.0	-37.5 to 12.5	8	606621
1213.242	0.0	-37.5 to 12.5	8	606621
1214.258	0.0	-37.5 to 37.5	7	607129
1214.258	0.0	-37.5 to 37.5	7	607129
1215.274	0.0	-37.5 to 12.5	8	607637
1215.274	0.0	-37.5 to 12.5	8	607637
1216.29	0.0	-37.5 to 37.5	7	608145
1216.29	0.0	-37.5 to 37.5	7	608145
1217.308	0.0	deviant	10	608654
1217.308	0.0	deviant	10	608654
1218.322	0.0	-37.5 to -12.5	9	609161
1218.322	0.0	-37.5 to -12.5	9	609161
1219.338	0.0	-37.5 to 37.5	7	609669
1219.338	0.0	-37.5 to 37.5	7	609669
1220.354	0.0	-37.5 to 12.5	8	610177
1220.354	0.0	-37.5 to 12.5	8	610177
1221.368	0.0	-37.5 to -12.5	9	610684
1221.368	0.0	-37.5 to -12.5	9	610684
1222.384	0.0	-37.5 to 37.5	7	611192
1222.384	0.0	-37.5 to 37.5	7	611192
1223.416	0.0	-37.5 to 12.5	8	611708
1223.416	0.0	-37.5 to 12.5	8	611708
1224.43	0.0	-37.5 to -12.5	9	612215
1224.43	0.0	-37.5 to -12.5	9	612215
1225.446	0.0	-37.5 to 12.5	8	612723
1225.446	0.0	-37.5 to 12.5	8	612723
1226.464	0.0	deviant	10	613232
1226.464	0.0	deviant	10	613232
1227.478	0.0	-37.5 to -12.5	9	613739
1227.478	0.0	-37.5 to -12.5	9	613739
1228.494	0.0	-37.5 to 37.5	7	614247
1228.494	0.0	-37.5 to 37.5	7	614247
1229.512	0.0	-37.5 to -12.5	9	614756
1229.512	0.0	-37.5 to -12.5	9	614756
1230.526	0.0	-37.5 to 12.5	8	615263
1230.526	0.0	-37.5 to 12.5	8	615263
1231.542	0.0	-37.5 to 37.5	7	615771
1231.542	0.0	-37.5 to 37.5	7	615771
1232.556	0.0	-37.5 to -12.5	9	616278
1232.556	0.0	-37.5 to -12.5	9	616278
1233.572	0.0	-37.5 to 37.5	7	616786
1233.572	0.0	-37.5 to 37.5	7	616786
1234.588	0.0	-37.5 to 12.5	8	617294
1234.588	0.0	-37.5 to 12.5	8	617294
1235.604	0.0	-37.5 to -12.5	9	617802
1235.604	0.0	-37.5 to -12.5	9	617802
1236.62	0.0	-37.5 to 12.5	8	618310
1236.62	0.0	-37.5 to 12.5	8	618310
1237.636	0.0	-37.5 to 37.5	7	618818
1237.636	0.0	-37.5 to 37.5	7	618818
1238.652	0.0	37.5 to -37.5	6	619326
1238.652	0.0	37.5 to -37.5	6	619326
1239.682	0.0	37.5 to 12.5	4	619841
1239.682	0.0	37.5 to 12.5	4	619841
1240.698	0.0	37.5 to -12.5	5	620349
1240.698	0.0	37.5 to -12.5	5	620349
1241.714	0.0	37.5 to -37.5	6	620857
1241.714	0.0	37.5 to -37.5	6	620857
1242.73	0.0	37.5 to 12.5	4	621365
1242.73	0.0	37.5 to 12.5	4	621365
1243.762	0.0	37.5 to -12.5	5	621881
1243.762	0.0	37.5 to -12.5	5	621881
1244.776	0.0	37.5 to 12.5	4	622388
1244.776	0.0	37.5 to 12.5	4	622388
1245.808	0.0	37.5 to -37.5	6	622904
1245.808	0.0	37.5 to -37.5	6	622904
1246.824	0.0	37.5 to -12.5	5	623412
1246.824	0.0	37.5 to -12.5	5	623412
1247.84	0.0	37.5 to 12.5	4	623920
1247.84	0.0	37.5 to 12.5	4	623920
1248.856	0.0	37.5 to -37.5	6	624428
1248.856	0.0	37.5 to -37.5	6	624428
1249.872	0.0	37.5 to -12.5	5	624936
1249.872	0.0	37.5 to -12.5	5	624936
1250.886	0.0	37.5 to 12.5	4	625443
1250.886	0.0	37.5 to 12.5	4	625443
1251.902	0.0	37.5 to -12.5	5	625951
1251.902	0.0	37.5 to -12.5	5	625951
1252.918	0.0	37.5 to -37.5	6	626459
1252.918	0.0	37.5 to -37.5	6	626459
1253.934	0.0	37.5 to -12.5	5	626967
1253.934	0.0	37.5 to -12.5	5	626967
1254.95	0.0	37.5 to -37.5	6	627475
1254.95	0.0	37.5 to -37.5	6	627475
1255.966	0.0	37.5 to 12.5	4	627983
1255.966	0.0	37.5 to 12.5	4	627983
1256.982	0.0	37.5 to -12.5	5	628491
1256.982	0.0	37.5 to -12.5	5	628491
1257.996	0.0	37.5 to 12.5	4	628998
1257.996	0.0	37.5 to 12.5	4	628998
1259.012	0.0	37.5 to -37.5	6	629506
1259.012	0.0	37.5 to -37.5	6	629506
1260.028	0.0	37.5 to 12.5	4	630014
1260.028	0.0	37.5 to 12.5	4	630014
1261.044	0.0	37.5 to -37.5	6	630522
1261.044	0.0	37.5 to -37.5	6	630522
1262.06	0.0	37.5 to -12.5	5	631030
1262.06	0.0	37.5 to -12.5	5	631030
1263.076	0.0	37.5 to -37.5	6	631538
1263.076	0.0	37.5 to -37.5	6	631538
1264.092	0.0	37.5 to -12.5	5	632046
1264.092	0.0	37.5 to -12.5	5	632046
1265.112	0.0	37.5 to 12.5	4	632556
1265.112	0.0	37.5 to 12.5	4	632556
1266.124	0.0	deviant	10	633062
1266.124	0.0	deviant	10	633062
1267.138	0.0	37.5 to -37.5	6	633569
1267.138	0.0	37.5 to -37.5	6	633569
1268.154	0.0	37.5 to 12.5	4	634077
1268.154	0.0	37.5 to 12.5	4	634077
1269.17	0.0	37.5 to -12.5	5	634585
1269.17	0.0	37.5 to -12.5	5	634585
1270.186	0.0	-37.5 to 12.5	8	635093
1270.186	0.0	-37.5 to 12.5	8	635093
1271.202	0.0	-37.5 to 37.5	7	635601
1271.202	0.0	-37.5 to 37.5	7	635601
1272.218	0.0	-37.5 to -12.5	9	636109
1272.218	0.0	-37.5 to -12.5	9	636109
1273.234	0.0	-37.5 to 12.5	8	636617
1273.234	0.0	-37.5 to 12.5	8	636617
1274.248	0.0	-37.5 to 37.5	7	637124
1274.248	0.0	-37.5 to 37.5	7	637124
1275.264	0.0	-37.5 to -12.5	9	637632
1275.264	0.0	-37.5 to -12.5	9	637632
1276.28	0.0	-37.5 to 12.5	8	638140
1276.28	0.0	-37.5 to 12.5	8	638140
1277.296	0.0	-37.5 to 37.5	7	638648
1277.296	0.0	-37.5 to 37.5	7	638648
1278.312	0.0	-37.5 to -12.5	9	639156
1278.312	0.0	-37.5 to -12.5	9	639156
1279.328	0.0	-37.5 to 37.5	7	639664
1279.328	0.0	-37.5 to 37.5	7	639664
1280.344	0.0	-37.5 to 12.5	8	640172
1280.344	0.0	-37.5 to 12.5	8	640172
1281.362	0.0	-37.5 to -12.5	9	640681
1281.362	0.0	-37.5 to -12.5	9	640681
1282.374	0.0	-37.5 to 37.5	7	641187
1282.374	0.0	-37.5 to 37.5	7	641187
1283.39	0.0	-37.5 to 12.5	8	641695
1283.39	0.0	-37.5 to 12.5	8	641695
1284.406	0.0	-37.5 to -12.5	9	642203
1284.406	0.0	-37.5 to -12.5	9	642203
1285.422	0.0	-37.5 to 12.5	8	642711
1285.422	0.0	-37.5 to 12.5	8	642711
1286.438	0.0	deviant	10	643219
1286.438	0.0	deviant	10	643219
1287.454	0.0	-37.5 to 37.5	7	643727
1287.454	0.0	-37.5 to 37.5	7	643727
1288.468	0.0	-37.5 to -12.5	9	644234
1288.468	0.0	-37.5 to -12.5	9	644234
1289.484	0.0	-37.5 to 37.5	7	644742
1289.484	0.0	-37.5 to 37.5	7	644742
1290.5	0.0	-37.5 to 12.5	8	645250
1290.5	0.0	-37.5 to 12.5	8	645250
1291.516	0.0	-37.5 to -12.5	9	645758
1291.516	0.0	-37.5 to -12.5	9	645758
1292.532	0.0	-37.5 to 37.5	7	646266
1292.532	0.0	-37.5 to 37.5	7	646266
1293.546	0.0	-37.5 to 12.5	8	646773
1293.546	0.0	-37.5 to 12.5	8	646773
1294.564	0.0	-37.5 to -12.5	9	647282
1294.564	0.0	-37.5 to -12.5	9	647282
1295.594	0.0	-37.5 to 37.5	7	647797
1295.594	0.0	-37.5 to 37.5	7	647797
1296.61	0.0	-37.5 to 12.5	8	648305
1296.61	0.0	-37.5 to 12.5	8	648305
1297.61	0.0	-37.5 to -12.5	9	648805
1297.61	0.0	-37.5 to -12.5	9	648805
1298.61	0.0	-37.5 to 12.5	8	649305
1298.61	0.0	-37.5 to 12.5	8	649305
1299.612	0.0	deviant	10	649806
1299.612	0.0	deviant	10	649806
1300.626	0.0	-37.5 to 37.5	7	650313
1300.626	0.0	-37.5 to 37.5	7	650313
1301.642	0.0	-37.5 to -12.5	9	650821
1301.642	0.0	-37.5 to -12.5	9	650821
1302.658	0.0	37.5 to -12.5	5	651329
1302.658	0.0	37.5 to -12.5	5	651329
1303.674	0.0	37.5 to -37.5	6	651837
1303.674	0.0	37.5 to -37.5	6	651837
1304.69	0.0	37.5 to 12.5	4	652345
1304.69	0.0	37.5 to 12.5	4	652345
1305.706	0.0	37.5 to -12.5	5	652853
1305.706	0.0	37.5 to -12.5	5	652853
1306.722	0.0	deviant	10	653361
1306.722	0.0	deviant	10	653361
1307.736	0.0	37.5 to -37.5	6	653868
1307.736	0.0	37.5 to -37.5	6	653868
1308.752	0.0	37.5 to 12.5	4	654376
1308.752	0.0	37.5 to 12.5	4	654376
1309.768	0.0	37.5 to -37.5	6	654884
1309.768	0.0	37.5 to -37.5	6	654884
1310.784	0.0	37.5 to -12.5	5	655392
1310.784	0.0	37.5 to -12.5	5	655392
1311.8	0.0	37.5 to 12.5	4	655900
1311.8	0.0	37.5 to 12.5	4	655900
1312.816	0.0	37.5 to -37.5	6	656408
1312.816	0.0	37.5 to -37.5	6	656408
1313.832	0.0	deviant	10	656916
1313.832	0.0	deviant	10	656916
1314.846	0.0	37.5 to 12.5	4	657423
1314.846	0.0	37.5 to 12.5	4	657423
1315.862	0.0	37.5 to -12.5	5	657931
1315.862	0.0	37.5 to -12.5	5	657931
1316.878	0.0	37.5 to 12.5	4	658439
1316.878	0.0	37.5 to 12.5	4	658439
1317.894	0.0	37.5 to -12.5	5	658947
1317.894	0.0	37.5 to -12.5	5	658947
1318.914	0.0	37.5 to -37.5	6	659457
1318.914	0.0	37.5 to -37.5	6	659457
1319.926	0.0	37.5 to 12.5	4	659963
1319.926	0.0	37.5 to 12.5	4	659963
1320.94	0.0	37.5 to -37.5	6	660470
1320.94	0.0	37.5 to -37.5	6	660470
1321.956	0.0	37.5 to -12.5	5	660978
1321.956	0.0	37.5 to -12.5	5	660978
1322.974	0.0	deviant	10	661487
1322.974	0.0	deviant	10	661487
1323.988	0.0	37.5 to 12.5	4	661994
1323.988	0.0	37.5 to 12.5	4	661994
1325.004	0.0	37.5 to -37.5	6	662502
1325.004	0.0	37.5 to -37.5	6	662502
1326.02	0.0	37.5 to -12.5	5	663010
1326.02	0.0	37.5 to -12.5	5	663010
1327.036	0.0	37.5 to -37.5	6	663518
1327.036	0.0	37.5 to -37.5	6	663518
1328.052	0.0	37.5 to -12.5	5	664026
1328.052	0.0	37.5 to -12.5	5	664026
1329.066	0.0	37.5 to 12.5	4	664533
1329.066	0.0	37.5 to 12.5	4	664533
1330.082	0.0	37.5 to -12.5	5	665041
1330.082	0.0	37.5 to -12.5	5	665041
1331.098	0.0	37.5 to 12.5	4	665549
1331.098	0.0	37.5 to 12.5	4	665549
1332.114	0.0	37.5 to -37.5	6	666057
1332.114	0.0	37.5 to -37.5	6	666057
1333.13	0.0	37.5 to 12.5	4	666565
1333.13	0.0	37.5 to 12.5	4	666565
1334.146	0.0	37.5 to -37.5	6	667073
1334.146	0.0	37.5 to -37.5	6	667073
1335.166	0.0	37.5 to -12.5	5	667583
1335.166	0.0	37.5 to -12.5	5	667583
1336.178	0.0	deviant	10	668089
1336.178	0.0	deviant	10	668089
1337.194	0.0	-37.5 to -12.5	9	668597
1337.194	0.0	-37.5 to -12.5	9	668597
1338.208	0.0	-37.5 to 12.5	8	669104
1338.208	0.0	-37.5 to 12.5	8	669104
1339.224	0.0	-37.5 to 37.5	7	669612
1339.224	0.0	-37.5 to 37.5	7	669612
1340.24	0.0	-37.5 to -12.5	9	670120
1340.24	0.0	-37.5 to -12.5	9	670120
1341.256	0.0	-37.5 to 12.5	8	670628
1341.256	0.0	-37.5 to 12.5	8	670628
1342.272	0.0	-37.5 to 37.5	7	671136
1342.272	0.0	-37.5 to 37.5	7	671136
1343.288	0.0	-37.5 to 12.5	8	671644
1343.288	0.0	-37.5 to 12.5	8	671644
1344.304	0.0	-37.5 to -12.5	9	672152
1344.304	0.0	-37.5 to -12.5	9	672152
1345.318	0.0	-37.5 to 37.5	7	672659
1345.318	0.0	-37.5 to 37.5	7	672659
1346.334	0.0	-37.5 to -12.5	9	673167
1346.334	0.0	-37.5 to -12.5	9	673167
1347.35	0.0	-37.5 to 12.5	8	673675
1347.35	0.0	-37.5 to 12.5	8	673675
1348.366	0.0	-37.5 to 37.5	7	674183
1348.366	0.0	-37.5 to 37.5	7	674183
1349.382	0.0	-37.5 to 12.5	8	674691
1349.382	0.0	-37.5 to 12.5	8	674691
1350.398	0.0	-37.5 to -12.5	9	675199
1350.398	0.0	-37.5 to -12.5	9	675199
1351.412	0.0	-37.5 to 37.5	7	675706
1351.412	0.0	-37.5 to 37.5	7	675706
1352.414	0.0	-37.5 to -12.5	9	676207
1352.414	0.0	-37.5 to -12.5	9	676207
1353.414	0.0	-37.5 to 12.5	8	676707
1353.414	0.0	-37.5 to 12.5	8	676707
1354.414	0.0	-37.5 to 37.5	7	677207
1354.414	0.0	-37.5 to 37.5	7	677207
1355.43	0.0	-37.5 to -12.5	9	677715
1355.43	0.0	-37.5 to -12.5	9	677715
1356.444	0.0	-37.5 to 12.5	8	678222
1356.444	0.0	-37.5 to 12.5	8	678222
1357.46	0.0	-37.5 to 37.5	7	678730
1357.46	0.0	-37.5 to 37.5	7	678730
1358.478	0.0	deviant	10	679239
1358.478	0.0	deviant	10	679239
1359.492	0.0	-37.5 to -12.5	9	679746
1359.492	0.0	-37.5 to -12.5	9	679746
1360.508	0.0	-37.5 to 37.5	7	680254
1360.508	0.0	-37.5 to 37.5	7	680254
1361.524	0.0	-37.5 to 12.5	8	680762
1361.524	0.0	-37.5 to 12.5	8	680762
1362.54	0.0	-37.5 to -12.5	9	681270
1362.54	0.0	-37.5 to -12.5	9	681270
1363.556	0.0	-37.5 to 12.5	8	681778
1363.556	0.0	-37.5 to 12.5	8	681778
1364.57	0.0	-37.5 to 37.5	7	682285
1364.57	0.0	-37.5 to 37.5	7	682285
1365.586	0.0	-37.5 to -12.5	9	682793
1365.586	0.0	-37.5 to -12.5	9	682793
1366.602	0.0	-37.5 to 37.5	7	683301
1366.602	0.0	-37.5 to 37.5	7	683301
1367.618	0.0	-37.5 to 12.5	8	683809
1367.618	0.0	-37.5 to 12.5	8	683809
1368.634	0.0	37.5 to -37.5	6	684317
1368.634	0.0	37.5 to -37.5	6	684317
1369.65	0.0	37.5 to 12.5	4	684825
1369.65	0.0	37.5 to 12.5	4	684825
1370.666	0.0	37.5 to -12.5	5	685333
1370.666	0.0	37.5 to -12.5	5	685333
1371.682	0.0	37.5 to -37.5	6	685841
1371.682	0.0	37.5 to -37.5	6	685841
1372.696	0.0	37.5 to 12.5	4	686348
1372.696	0.0	37.5 to 12.5	4	686348
1373.714	0.0	37.5 to -12.5	5	686857
1373.714	0.0	37.5 to -12.5	5	686857
1374.728	0.0	37.5 to -37.5	6	687364
1374.728	0.0	37.5 to -37.5	6	687364
1375.744	0.0	37.5 to 12.5	4	687872
1375.744	0.0	37.5 to 12.5	4	687872
1376.76	0.0	37.5 to -12.5	5	688380
1376.76	0.0	37.5 to -12.5	5	688380
1377.774	0.0	37.5 to -37.5	6	688887
1377.774	0.0	37.5 to -37.5	6	688887
1378.79	0.0	37.5 to -12.5	5	689395
1378.79	0.0	37.5 to -12.5	5	689395
1379.806	0.0	37.5 to 12.5	4	689903
1379.806	0.0	37.5 to 12.5	4	689903
1380.822	0.0	37.5 to -12.5	5	690411
1380.822	0.0	37.5 to -12.5	5	690411
1381.838	0.0	37.5 to -37.5	6	690919
1381.838	0.0	37.5 to -37.5	6	690919
1382.854	0.0	37.5 to 12.5	4	691427
1382.854	0.0	37.5 to 12.5	4	691427
1383.87	0.0	37.5 to -37.5	6	691935
1383.87	0.0	37.5 to -37.5	6	691935
1384.886	0.0	37.5 to -12.5	5	692443
1384.886	0.0	37.5 to -12.5	5	692443
1385.9	0.0	37.5 to 12.5	4	692950
1385.9	0.0	37.5 to 12.5	4	692950
1386.916	0.0	37.5 to -12.5	5	693458
1386.916	0.0	37.5 to -12.5	5	693458
1387.932	0.0	37.5 to 12.5	4	693966
1387.932	0.0	37.5 to 12.5	4	693966
1388.948	0.0	37.5 to -37.5	6	694474
1388.948	0.0	37.5 to -37.5	6	694474
1389.98	0.0	37.5 to -12.5	5	694990
1389.98	0.0	37.5 to -12.5	5	694990
1391.01	0.0	37.5 to -37.5	6	695505
1391.01	0.0	37.5 to -37.5	6	695505
1392.026	0.0	37.5 to 12.5	4	696013
1392.026	0.0	37.5 to 12.5	4	696013
1393.042	0.0	37.5 to -12.5	5	696521
1393.042	0.0	37.5 to -12.5	5	696521
1394.058	0.0	37.5 to -37.5	6	697029
1394.058	0.0	37.5 to -37.5	6	697029
1395.074	0.0	37.5 to 12.5	4	697537
1395.074	0.0	37.5 to 12.5	4	697537
1396.09	0.0	37.5 to -12.5	5	698045
1396.09	0.0	37.5 to -12.5	5	698045
1397.106	0.0	37.5 to 12.5	4	698553
1397.106	0.0	37.5 to 12.5	4	698553
1398.122	0.0	37.5 to -37.5	6	699061
1398.122	0.0	37.5 to -37.5	6	699061
1399.136	0.0	-37.5 to 37.5	7	699568
1399.136	0.0	-37.5 to 37.5	7	699568
1400.152	0.0	-37.5 to -12.5	9	700076
1400.152	0.0	-37.5 to -12.5	9	700076
1401.168	0.0	-37.5 to 12.5	8	700584
1401.168	0.0	-37.5 to 12.5	8	700584
1402.184	0.0	-37.5 to 37.5	7	701092
1402.184	0.0	-37.5 to 37.5	7	701092
1403.2	0.0	-37.5 to -12.5	9	701600
1403.2	0.0	-37.5 to -12.5	9	701600
1404.216	0.0	-37.5 to 12.5	8	702108
1404.216	0.0	-37.5 to 12.5	8	702108
1405.232	0.0	-37.5 to -12.5	9	702616
1405.232	0.0	-37.5 to -12.5	9	702616
1406.248	0.0	-37.5 to 12.5	8	703124
1406.248	0.0	-37.5 to 12.5	8	703124
1407.262	0.0	-37.5 to 37.5	7	703631
1407.262	0.0	-37.5 to 37.5	7	703631
1408.278	0.0	-37.5 to -12.5	9	704139
1408.278	0.0	-37.5 to -12.5	9	704139
1409.294	0.0	-37.5 to 37.5	7	704647
1409.294	0.0	-37.5 to 37.5	7	704647
1410.316	0.0	deviant	10	705158
1410.316	0.0	deviant	10	705158
1411.326	0.0	-37.5 to 12.5	8	705663
1411.326	0.0	-37.5 to 12.5	8	705663
1412.342	0.0	-37.5 to 37.5	7	706171
1412.342	0.0	-37.5 to 37.5	7	706171
1413.356	0.0	-37.5 to -12.5	9	706678
1413.356	0.0	-37.5 to -12.5	9	706678
1414.372	0.0	-37.5 to 12.5	8	707186
1414.372	0.0	-37.5 to 12.5	8	707186
1415.388	0.0	-37.5 to -12.5	9	707694
1415.388	0.0	-37.5 to -12.5	9	707694
1416.404	0.0	-37.5 to 12.5	8	708202
1416.404	0.0	-37.5 to 12.5	8	708202
1417.42	0.0	-37.5 to 37.5	7	708710
1417.42	0.0	-37.5 to 37.5	7	708710
1418.436	0.0	-37.5 to 12.5	8	709218
1418.436	0.0	-37.5 to 12.5	8	709218
1419.452	0.0	-37.5 to 37.5	7	709726
1419.452	0.0	-37.5 to 37.5	7	709726
1420.468	0.0	-37.5 to -12.5	9	710234
1420.468	0.0	-37.5 to -12.5	9	710234
1421.482	0.0	-37.5 to 12.5	8	710741
1421.482	0.0	-37.5 to 12.5	8	710741
1422.5	0.0	deviant	10	711250
1422.5	0.0	deviant	10	711250
1423.514	0.0	-37.5 to 37.5	7	711757
1423.514	0.0	-37.5 to 37.5	7	711757
1424.53	0.0	-37.5 to -12.5	9	712265
1424.53	0.0	-37.5 to -12.5	9	712265
1425.546	0.0	-37.5 to 37.5	7	712773
1425.546	0.0	-37.5 to 37.5	7	712773
1426.566	0.0	-37.5 to 12.5	8	713283
1426.566	0.0	-37.5 to 12.5	8	713283
1427.578	0.0	-37.5 to -12.5	9	713789
1427.578	0.0	-37.5 to -12.5	9	713789
1428.592	0.0	-37.5 to 12.5	8	714296
1428.592	0.0	-37.5 to 12.5	8	714296
1429.608	0.0	-37.5 to -12.5	9	714804
1429.608	0.0	-37.5 to -12.5	9	714804
1430.624	0.0	-37.5 to 37.5	7	715312
1430.624	0.0	-37.5 to 37.5	7	715312
1431.64	0.0	37.5 to -12.5	5	715820
1431.64	0.0	37.5 to -12.5	5	715820
1432.656	0.0	37.5 to 12.5	4	716328
1432.656	0.0	37.5 to 12.5	4	716328
1433.672	0.0	deviant	10	716836
1433.672	0.0	deviant	10	716836
1434.688	0.0	37.5 to -37.5	6	717344
1434.688	0.0	37.5 to -37.5	6	717344
1435.702	0.0	37.5 to -12.5	5	717851
1435.702	0.0	37.5 to -12.5	5	717851
1436.718	0.0	37.5 to 12.5	4	718359
1436.718	0.0	37.5 to 12.5	4	718359
1437.734	0.0	37.5 to -37.5	6	718867
1437.734	0.0	37.5 to -37.5	6	718867
1438.75	0.0	37.5 to 12.5	4	719375
1438.75	0.0	37.5 to 12.5	4	719375
1439.766	0.0	37.5 to -12.5	5	719883
1439.766	0.0	37.5 to -12.5	5	719883
1440.782	0.0	37.5 to -37.5	6	720391
1440.782	0.0	37.5 to -37.5	6	720391
1441.798	0.0	37.5 to -12.5	5	720899
1441.798	0.0	37.5 to -12.5	5	720899
1442.814	0.0	37.5 to -37.5	6	721407
1442.814	0.0	37.5 to -37.5	6	721407
1443.814	0.0	37.5 to 12.5	4	721907
1443.814	0.0	37.5 to 12.5	4	721907
1444.814	0.0	37.5 to -37.5	6	722407
1444.814	0.0	37.5 to -37.5	6	722407
1445.814	0.0	37.5 to 12.5	4	722907
1445.814	0.0	37.5 to 12.5	4	722907
1446.814	0.0	37.5 to -12.5	5	723407
1446.814	0.0	37.5 to -12.5	5	723407
1447.814	0.0	37.5 to 12.5	4	723907
1447.814	0.0	37.5 to 12.5	4	723907
1448.814	0.0	37.5 to -37.5	6	724407
1448.814	0.0	37.5 to -37.5	6	724407
1449.816	0.0	deviant	10	724908
1449.816	0.0	deviant	10	724908
1450.814	0.0	37.5 to -12.5	5	725407
1450.814	0.0	37.5 to -12.5	5	725407
1451.814	0.0	37.5 to 12.5	4	725907
1451.814	0.0	37.5 to 12.5	4	725907
1452.814	0.0	37.5 to -37.5	6	726407
1452.814	0.0	37.5 to -37.5	6	726407
1453.814	0.0	37.5 to -12.5	5	726907
1453.814	0.0	37.5 to -12.5	5	726907
1454.814	0.0	37.5 to -37.5	6	727407
1454.814	0.0	37.5 to -37.5	6	727407
1455.814	0.0	37.5 to -12.5	5	727907
1455.814	0.0	37.5 to -12.5	5	727907
1456.814	0.0	37.5 to 12.5	4	728407
1456.814	0.0	37.5 to 12.5	4	728407
1457.814	0.0	37.5 to -37.5	6	728907
1457.814	0.0	37.5 to -37.5	6	728907
1458.814	0.0	37.5 to -12.5	5	729407
1458.814	0.0	37.5 to -12.5	5	729407
1459.816	0.0	37.5 to 12.5	4	729908
1459.816	0.0	37.5 to 12.5	4	729908
1460.816	0.0	37.5 to -12.5	5	730408
1460.816	0.0	37.5 to -12.5	5	730408
1461.816	0.0	37.5 to 12.5	4	730908
1461.816	0.0	37.5 to 12.5	4	730908
1462.83	0.0	37.5 to -37.5	6	731415
1462.83	0.0	37.5 to -37.5	6	731415
1463.846	0.0	-37.5 to -12.5	9	731923
1463.846	0.0	-37.5 to -12.5	9	731923
1464.862	0.0	-37.5 to 37.5	7	732431
1464.862	0.0	-37.5 to 37.5	7	732431
1465.878	0.0	-37.5 to 12.5	8	732939
1465.878	0.0	-37.5 to 12.5	8	732939
1466.894	0.0	-37.5 to -12.5	9	733447
1466.894	0.0	-37.5 to -12.5	9	733447
1467.91	0.0	-37.5 to 37.5	7	733955
1467.91	0.0	-37.5 to 37.5	7	733955
1468.926	0.0	-37.5 to 12.5	8	734463
1468.926	0.0	-37.5 to 12.5	8	734463
1469.942	0.0	-37.5 to -12.5	9	734971
1469.942	0.0	-37.5 to -12.5	9	734971
1470.956	0.0	-37.5 to 37.5	7	735478
1470.956	0.0	-37.5 to 37.5	7	735478
1471.972	0.0	-37.5 to 12.5	8	735986
1471.972	0.0	-37.5 to 12.5	8	735986
1472.988	0.0	-37.5 to -12.5	9	736494
1472.988	0.0	-37.5 to -12.5	9	736494
1474.004	0.0	-37.5 to 12.5	8	737002
1474.004	0.0	-37.5 to 12.5	8	737002
1475.02	0.0	-37.5 to 37.5	7	737510
1475.02	0.0	-37.5 to 37.5	7	737510
1476.036	0.0	-37.5 to 12.5	8	738018
1476.036	0.0	-37.5 to 12.5	8	738018
1477.066	0.0	-37.5 to 37.5	7	738533
1477.066	0.0	-37.5 to 37.5	7	738533
1478.098	0.0	-37.5 to -12.5	9	739049
1478.098	0.0	-37.5 to -12.5	9	739049
1479.118	0.0	deviant	10	739559
1479.118	0.0	deviant	10	739559
1480.13	0.0	-37.5 to 37.5	7	740065
1480.13	0.0	-37.5 to 37.5	7	740065
1481.146	0.0	-37.5 to 12.5	8	740573
1481.146	0.0	-37.5 to 12.5	8	740573
1482.16	0.0	-37.5 to -12.5	9	741080
1482.16	0.0	-37.5 to -12.5	9	741080
1483.176	0.0	-37.5 to 12.5	8	741588
1483.176	0.0	-37.5 to 12.5	8	741588
1484.208	0.0	-37.5 to 37.5	7	742104
1484.208	0.0	-37.5 to 37.5	7	742104
1485.224	0.0	-37.5 to -12.5	9	742612
1485.224	0.0	-37.5 to -12.5	9	742612
1486.24	0.0	-37.5 to 12.5	8	743120
1486.24	0.0	-37.5 to 12.5	8	743120
1487.256	0.0	-37.5 to -12.5	9	743628
1487.256	0.0	-37.5 to -12.5	9	743628
1488.27	0.0	-37.5 to 37.5	7	744135
1488.27	0.0	-37.5 to 37.5	7	744135
1489.286	0.0	-37.5 to -12.5	9	744643
1489.286	0.0	-37.5 to -12.5	9	744643
1490.302	0.0	-37.5 to 37.5	7	745151
1490.302	0.0	-37.5 to 37.5	7	745151
1491.318	0.0	-37.5 to 12.5	8	745659
1491.318	0.0	-37.5 to 12.5	8	745659
1492.334	0.0	-37.5 to 37.5	7	746167
1492.334	0.0	-37.5 to 37.5	7	746167
1493.35	0.0	-37.5 to 12.5	8	746675
1493.35	0.0	-37.5 to 12.5	8	746675
1494.368	0.0	-37.5 to -12.5	9	747184
1494.368	0.0	-37.5 to -12.5	9	747184
1495.382	0.0	deviant	10	747691
1495.382	0.0	deviant	10	747691
1496.396	0.0	37.5 to -37.5	6	748198
1496.396	0.0	37.5 to -37.5	6	748198
1497.428	0.0	37.5 to 12.5	4	748714
1497.428	0.0	37.5 to 12.5	4	748714
1498.46	0.0	37.5 to -12.5	5	749230
1498.46	0.0	37.5 to -12.5	5	749230
1499.476	0.0	37.5 to -37.5	6	749738
1499.476	0.0	37.5 to -37.5	6	749738
1500.49	0.0	37.5 to 12.5	4	750245
1500.49	0.0	37.5 to 12.5	4	750245
1501.506	0.0	37.5 to -12.5	5	750753
1501.506	0.0	37.5 to -12.5	5	750753
1502.522	0.0	37.5 to 12.5	4	751261
1502.522	0.0	37.5 to 12.5	4	751261
1503.538	0.0	37.5 to -37.5	6	751769
1503.538	0.0	37.5 to -37.5	6	751769
1504.554	0.0	37.5 to -12.5	5	752277
1504.554	0.0	37.5 to -12.5	5	752277
1505.57	0.0	37.5 to -37.5	6	752785
1505.57	0.0	37.5 to -37.5	6	752785
1506.586	0.0	37.5 to 12.5	4	753293
1506.586	0.0	37.5 to 12.5	4	753293
1507.6	0.0	37.5 to -12.5	5	753800
1507.6	0.0	37.5 to -12.5	5	753800
1508.616	0.0	37.5 to 12.5	4	754308
1508.616	0.0	37.5 to 12.5	4	754308
1509.632	0.0	37.5 to -37.5	6	754816
1509.632	0.0	37.5 to -37.5	6	754816
1510.648	0.0	37.5 to -12.5	5	755324
1510.648	0.0	37.5 to -12.5	5	755324
1511.664	0.0	37.5 to -37.5	6	755832
1511.664	0.0	37.5 to -37.5	6	755832
1512.68	0.0	37.5 to 12.5	4	756340
1512.68	0.0	37.5 to 12.5	4	756340
1513.696	0.0	37.5 to -12.5	5	756848
1513.696	0.0	37.5 to -12.5	5	756848
1514.712	0.0	37.5 to -37.5	6	757356
1514.712	0.0	37.5 to -37.5	6	757356
1515.726	0.0	37.5 to -12.5	5	757863
1515.726	0.0	37.5 to -12.5	5	757863
1516.742	0.0	37.5 to 12.5	4	758371
1516.742	0.0	37.5 to 12.5	4	758371
1517.758	0.0	37.5 to -37.5	6	758879
1517.758	0.0	37.5 to -37.5	6	758879
1518.774	0.0	37.5 to 12.5	4	759387
1518.774	0.0	37.5 to 12.5	4	759387
1519.79	0.0	37.5 to -12.5	5	759895
1519.79	0.0	37.5 to -12.5	5	759895
1520.806	0.0	37.5 to 12.5	4	760403
1520.806	0.0	37.5 to 12.5	4	760403
1521.822	0.0	37.5 to -12.5	5	760911
1521.822	0.0	37.5 to -12.5	5	760911
1522.836	0.0	37.5 to -37.5	6	761418
1522.836	0.0	37.5 to -37.5	6	761418
1523.868	0.0	37.5 to -12.5	5	761934
1523.868	0.0	37.5 to -12.5	5	761934
1524.9	0.0	37.5 to -37.5	6	762450
1524.9	0.0	37.5 to -37.5	6	762450
1525.918	0.0	deviant	10	762959
1525.918	0.0	deviant	10	762959
1526.932	0.0	37.5 to 12.5	4	763466
1526.932	0.0	37.5 to 12.5	4	763466
1527.948	0.0	-37.5 to 12.5	8	763974
1527.948	0.0	-37.5 to 12.5	8	763974
1528.962	0.0	-37.5 to 37.5	7	764481
1528.962	0.0	-37.5 to 37.5	7	764481
1529.978	0.0	-37.5 to -12.5	9	764989
1529.978	0.0	-37.5 to -12.5	9	764989
1530.994	0.0	-37.5 to 12.5	8	765497
1530.994	0.0	-37.5 to 12.5	8	765497
1532.01	0.0	-37.5 to 37.5	7	766005
1532.01	0.0	-37.5 to 37.5	7	766005
1533.026	0.0	-37.5 to -12.5	9	766513
1533.026	0.0	-37.5 to -12.5	9	766513
1534.042	0.0	-37.5 to 12.5	8	767021
1534.042	0.0	-37.5 to 12.5	8	767021
1535.056	0.0	-37.5 to 37.5	7	767528
1535.056	0.0	-37.5 to 37.5	7	767528
1536.072	0.0	-37.5 to -12.5	9	768036
1536.072	0.0	-37.5 to -12.5	9	768036
1537.088	0.0	-37.5 to 37.5	7	768544
1537.088	0.0	-37.5 to 37.5	7	768544
1538.104	0.0	-37.5 to 12.5	8	769052
1538.104	0.0	-37.5 to 12.5	8	769052
1539.12	0.0	-37.5 to -12.5	9	769560
1539.12	0.0	-37.5 to -12.5	9	769560
1540.136	0.0	-37.5 to 37.5	7	770068
1540.136	0.0	-37.5 to 37.5	7	770068
1541.152	0.0	-37.5 to 12.5	8	770576
1541.152	0.0	-37.5 to 12.5	8	770576
1542.168	0.0	-37.5 to -12.5	9	771084
1542.168	0.0	-37.5 to -12.5	9	771084
1543.182	0.0	-37.5 to 37.5	7	771591
1543.182	0.0	-37.5 to 37.5	7	771591
1544.198	0.0	-37.5 to 12.5	8	772099
1544.198	0.0	-37.5 to 12.5	8	772099
1545.214	0.0	-37.5 to -12.5	9	772607
1545.214	0.0	-37.5 to -12.5	9	772607
1546.23	0.0	-37.5 to 37.5	7	773115
1546.23	0.0	-37.5 to 37.5	7	773115
1547.246	0.0	-37.5 to -12.5	9	773623
1547.246	0.0	-37.5 to -12.5	9	773623
1548.262	0.0	-37.5 to 12.5	8	774131
1548.262	0.0	-37.5 to 12.5	8	774131
1549.278	0.0	-37.5 to 37.5	7	774639
1549.278	0.0	-37.5 to 37.5	7	774639
1550.294	0.0	-37.5 to 12.5	8	775147
1550.294	0.0	-37.5 to 12.5	8	775147
1551.308	0.0	-37.5 to -12.5	9	775654
1551.308	0.0	-37.5 to -12.5	9	775654
1552.324	0.0	-37.5 to 37.5	7	776162
1552.324	0.0	-37.5 to 37.5	7	776162
1553.34	0.0	-37.5 to 12.5	8	776670
1553.34	0.0	-37.5 to 12.5	8	776670
1554.356	0.0	-37.5 to -12.5	9	777178
1554.356	0.0	-37.5 to -12.5	9	777178
1555.372	0.0	-37.5 to 37.5	7	777686
1555.372	0.0	-37.5 to 37.5	7	777686
1556.388	0.0	-37.5 to -12.5	9	778194
1556.388	0.0	-37.5 to -12.5	9	778194
1557.404	0.0	-37.5 to 12.5	8	778702
1557.404	0.0	-37.5 to 12.5	8	778702
1566.654	0.0	37.5 to 12.5	4	783327
1566.654	0.0	37.5 to 12.5	4	783327
1567.662	0.0	37.5 to -37.5	6	783831
1567.662	0.0	37.5 to -37.5	6	783831
1568.678	0.0	37.5 to -12.5	5	784339
1568.678	0.0	37.5 to -12.5	5	784339
1569.692	0.0	37.5 to 12.5	4	784846
1569.692	0.0	37.5 to 12.5	4	784846
1570.708	0.0	37.5 to -37.5	6	785354
1570.708	0.0	37.5 to -37.5	6	785354
1571.724	0.0	37.5 to -12.5	5	785862
1571.724	0.0	37.5 to -12.5	5	785862
1572.74	0.0	37.5 to -37.5	6	786370
1572.74	0.0	37.5 to -37.5	6	786370
1573.756	0.0	37.5 to 12.5	4	786878
1573.756	0.0	37.5 to 12.5	4	786878
1574.772	0.0	37.5 to -12.5	5	787386
1574.772	0.0	37.5 to -12.5	5	787386
1575.788	0.0	37.5 to 12.5	4	787894
1575.788	0.0	37.5 to 12.5	4	787894
1576.804	0.0	37.5 to -12.5	5	788402
1576.804	0.0	37.5 to -12.5	5	788402
1577.818	0.0	37.5 to -37.5	6	788909
1577.818	0.0	37.5 to -37.5	6	788909
1578.834	0.0	37.5 to -12.5	5	789417
1578.834	0.0	37.5 to -12.5	5	789417
1579.854	0.0	37.5 to -37.5	6	789927
1579.854	0.0	37.5 to -37.5	6	789927
1580.866	0.0	37.5 to 12.5	4	790433
1580.866	0.0	37.5 to 12.5	4	790433
1581.882	0.0	37.5 to -12.5	5	790941
1581.882	0.0	37.5 to -12.5	5	790941
1582.898	0.0	37.5 to 12.5	4	791449
1582.898	0.0	37.5 to 12.5	4	791449
1583.914	0.0	37.5 to -37.5	6	791957
1583.914	0.0	37.5 to -37.5	6	791957
1584.93	0.0	37.5 to -12.5	5	792465
1584.93	0.0	37.5 to -12.5	5	792465
1585.944	0.0	37.5 to 12.5	4	792972
1585.944	0.0	37.5 to 12.5	4	792972
1586.96	0.0	37.5 to -37.5	6	793480
1586.96	0.0	37.5 to -37.5	6	793480
1587.976	0.0	37.5 to 12.5	4	793988
1587.976	0.0	37.5 to 12.5	4	793988
1588.992	0.0	37.5 to -12.5	5	794496
1588.992	0.0	37.5 to -12.5	5	794496
1590.008	0.0	37.5 to -37.5	6	795004
1590.008	0.0	37.5 to -37.5	6	795004
1591.024	0.0	37.5 to -12.5	5	795512
1591.024	0.0	37.5 to -12.5	5	795512
1592.04	0.0	37.5 to 12.5	4	796020
1592.04	0.0	37.5 to 12.5	4	796020
1593.056	0.0	37.5 to -37.5	6	796528
1593.056	0.0	37.5 to -37.5	6	796528
1594.07	0.0	37.5 to 12.5	4	797035
1594.07	0.0	37.5 to 12.5	4	797035
1595.088	0.0	deviant	10	797544
1595.088	0.0	deviant	10	797544
1596.102	0.0	37.5 to -12.5	5	798051
1596.102	0.0	37.5 to -12.5	5	798051
1597.102	0.0	37.5 to -37.5	6	798551
1597.102	0.0	37.5 to -37.5	6	798551
1598.116	0.0	-37.5 to 37.5	7	799058
1598.116	0.0	-37.5 to 37.5	7	799058
1599.134	0.0	-37.5 to -12.5	9	799567
1599.134	0.0	-37.5 to -12.5	9	799567
1600.15	0.0	-37.5 to 12.5	8	800075
1600.15	0.0	-37.5 to 12.5	8	800075
1601.164	0.0	-37.5 to 37.5	7	800582
1601.164	0.0	-37.5 to 37.5	7	800582
1602.18	0.0	-37.5 to -12.5	9	801090
1602.18	0.0	-37.5 to -12.5	9	801090
1603.196	0.0	-37.5 to 12.5	8	801598
1603.196	0.0	-37.5 to 12.5	8	801598
1604.212	0.0	-37.5 to 37.5	7	802106
1604.212	0.0	-37.5 to 37.5	7	802106
1605.228	0.0	-37.5 to -12.5	9	802614
1605.228	0.0	-37.5 to -12.5	9	802614
1606.244	0.0	-37.5 to 12.5	8	803122
1606.244	0.0	-37.5 to 12.5	8	803122
1607.26	0.0	-37.5 to -12.5	9	803630
1607.26	0.0	-37.5 to -12.5	9	803630
1608.276	0.0	deviant	10	804138
1608.276	0.0	deviant	10	804138
1609.29	0.0	-37.5 to 12.5	8	804645
1609.29	0.0	-37.5 to 12.5	8	804645
1610.306	0.0	-37.5 to 37.5	7	805153
1610.306	0.0	-37.5 to 37.5	7	805153
1611.322	0.0	-37.5 to 12.5	8	805661
1611.322	0.0	-37.5 to 12.5	8	805661
1612.338	0.0	-37.5 to -12.5	9	806169
1612.338	0.0	-37.5 to -12.5	9	806169
1613.354	0.0	-37.5 to 37.5	7	806677
1613.354	0.0	-37.5 to 37.5	7	806677
1614.37	0.0	-37.5 to 12.5	8	807185
1614.37	0.0	-37.5 to 12.5	8	807185
1615.386	0.0	-37.5 to -12.5	9	807693
1615.386	0.0	-37.5 to -12.5	9	807693
1616.404	0.0	-37.5 to 37.5	7	808202
1616.404	0.0	-37.5 to 37.5	7	808202
1617.416	0.0	-37.5 to -12.5	9	808708
1617.416	0.0	-37.5 to -12.5	9	808708
1618.432	0.0	-37.5 to 12.5	8	809216
1618.432	0.0	-37.5 to 12.5	8	809216
1619.448	0.0	-37.5 to 37.5	7	809724
1619.448	0.0	-37.5 to 37.5	7	809724
1620.464	0.0	-37.5 to -12.5	9	810232
1620.464	0.0	-37.5 to -12.5	9	810232
1621.48	0.0	deviant	10	810740
1621.48	0.0	deviant	10	810740
1622.496	0.0	-37.5 to 12.5	8	811248
1622.496	0.0	-37.5 to 12.5	8	811248
1623.512	0.0	-37.5 to 37.5	7	811756
1623.512	0.0	-37.5 to 37.5	7	811756
1624.528	0.0	-37.5 to 12.5	8	812264
1624.528	0.0	-37.5 to 12.5	8	812264
1625.542	0.0	-37.5 to 37.5	7	812771
1625.542	0.0	-37.5 to 37.5	7	812771
1626.558	0.0	-37.5 to -12.5	9	813279
1626.558	0.0	-37.5 to -12.5	9	813279
1627.574	0.0	-37.5 to 12.5	8	813787
1627.574	0.0	-37.5 to 12.5	8	813787
1628.59	0.0	-37.5 to -12.5	9	814295
1628.59	0.0	-37.5 to -12.5	9	814295
1629.606	0.0	-37.5 to 37.5	7	814803
1629.606	0.0	-37.5 to 37.5	7	814803
1630.622	0.0	37.5 to -12.5	5	815311
1630.622	0.0	37.5 to -12.5	5	815311
1631.638	0.0	37.5 to -37.5	6	815819
1631.638	0.0	37.5 to -37.5	6	815819
1632.656	0.0	deviant	10	816328
1632.656	0.0	deviant	10	816328
1633.668	0.0	37.5 to 12.5	4	816834
1633.668	0.0	37.5 to 12.5	4	816834
1634.684	0.0	37.5 to -12.5	5	817342
1634.684	0.0	37.5 to -12.5	5	817342
1635.7	0.0	37.5 to -37.5	6	817850
1635.7	0.0	37.5 to -37.5	6	817850
1636.716	0.0	37.5 to 12.5	4	818358
1636.716	0.0	37.5 to 12.5	4	818358
1637.732	0.0	37.5 to -12.5	5	818866
1637.732	0.0	37.5 to -12.5	5	818866
1638.748	0.0	37.5 to -37.5	6	819374
1638.748	0.0	37.5 to -37.5	6	819374
1639.762	0.0	37.5 to 12.5	4	819881
1639.762	0.0	37.5 to 12.5	4	819881
1640.778	0.0	37.5 to -12.5	5	820389
1640.778	0.0	37.5 to -12.5	5	820389
1641.794	0.0	37.5 to -37.5	6	820897
1641.794	0.0	37.5 to -37.5	6	820897
1642.81	0.0	37.5 to 12.5	4	821405
1642.81	0.0	37.5 to 12.5	4	821405
1643.826	0.0	deviant	10	821913
1643.826	0.0	deviant	10	821913
1644.842	0.0	37.5 to -12.5	5	822421
1644.842	0.0	37.5 to -12.5	5	822421
1645.858	0.0	37.5 to -37.5	6	822929
1645.858	0.0	37.5 to -37.5	6	822929
1646.872	0.0	37.5 to 12.5	4	823436
1646.872	0.0	37.5 to 12.5	4	823436
1647.888	0.0	37.5 to -12.5	5	823944
1647.888	0.0	37.5 to -12.5	5	823944
1648.92	0.0	37.5 to -37.5	6	824460
1648.92	0.0	37.5 to -37.5	6	824460
1649.952	0.0	37.5 to 12.5	4	824976
1649.952	0.0	37.5 to 12.5	4	824976
1650.982	0.0	37.5 to -37.5	6	825491
1650.982	0.0	37.5 to -37.5	6	825491
1652.012	0.0	37.5 to -12.5	5	826006
1652.012	0.0	37.5 to -12.5	5	826006
1653.03	0.0	37.5 to 12.5	4	826515
1653.03	0.0	37.5 to 12.5	4	826515
1654.046	0.0	37.5 to -12.5	5	827023
1654.046	0.0	37.5 to -12.5	5	827023
1655.062	0.0	37.5 to 12.5	4	827531
1655.062	0.0	37.5 to 12.5	4	827531
1656.078	0.0	37.5 to -37.5	6	828039
1656.078	0.0	37.5 to -37.5	6	828039
1657.094	0.0	37.5 to -12.5	5	828547
1657.094	0.0	37.5 to -12.5	5	828547
1658.108	0.0	37.5 to -37.5	6	829054
1658.108	0.0	37.5 to -37.5	6	829054
1659.124	0.0	37.5 to 12.5	4	829562
1659.124	0.0	37.5 to 12.5	4	829562
1660.14	0.0	37.5 to -12.5	5	830070
1660.14	0.0	37.5 to -12.5	5	830070
1661.156	0.0	deviant	10	830578
1661.156	0.0	deviant	10	830578
1662.172	0.0	37.5 to -37.5	6	831086
1662.172	0.0	37.5 to -37.5	6	831086
1663.186	0.0	37.5 to 12.5	4	831593
1663.186	0.0	37.5 to 12.5	4	831593
1664.204	0.0	-37.5 to 12.5	8	832102
1664.204	0.0	-37.5 to 12.5	8	832102
1665.218	0.0	-37.5 to -12.5	9	832609
1665.218	0.0	-37.5 to -12.5	9	832609
1666.234	0.0	-37.5 to 37.5	7	833117
1666.234	0.0	-37.5 to 37.5	7	833117
1667.25	0.0	-37.5 to 12.5	8	833625
1667.25	0.0	-37.5 to 12.5	8	833625
1668.266	0.0	-37.5 to -12.5	9	834133
1668.266	0.0	-37.5 to -12.5	9	834133
1669.282	0.0	-37.5 to 37.5	7	834641
1669.282	0.0	-37.5 to 37.5	7	834641
1670.298	0.0	-37.5 to 12.5	8	835149
1670.298	0.0	-37.5 to 12.5	8	835149
1671.312	0.0	-37.5 to 37.5	7	835656
1671.312	0.0	-37.5 to 37.5	7	835656
1672.33	0.0	deviant	10	836165
1672.33	0.0	deviant	10	836165
1673.344	0.0	-37.5 to -12.5	9	836672
1673.344	0.0	-37.5 to -12.5	9	836672
1674.36	0.0	-37.5 to 12.5	8	837180
1674.36	0.0	-37.5 to 12.5	8	837180
1675.376	0.0	-37.5 to -12.5	9	837688
1675.376	0.0	-37.5 to -12.5	9	837688
1676.392	0.0	-37.5 to 37.5	7	838196
1676.392	0.0	-37.5 to 37.5	7	838196
1677.408	0.0	-37.5 to 12.5	8	838704
1677.408	0.0	-37.5 to 12.5	8	838704
1678.424	0.0	-37.5 to -12.5	9	839212
1678.424	0.0	-37.5 to -12.5	9	839212
1679.438	0.0	-37.5 to 37.5	7	839719
1679.438	0.0	-37.5 to 37.5	7	839719
1680.458	0.0	-37.5 to -12.5	9	840229
1680.458	0.0	-37.5 to -12.5	9	840229
1681.47	0.0	-37.5 to 12.5	8	840735
1681.47	0.0	-37.5 to 12.5	8	840735
1682.486	0.0	-37.5 to 37.5	7	841243
1682.486	0.0	-37.5 to 37.5	7	841243
1683.502	0.0	-37.5 to 12.5	8	841751
1683.502	0.0	-37.5 to 12.5	8	841751
1684.518	0.0	-37.5 to 37.5	7	842259
1684.518	0.0	-37.5 to 37.5	7	842259
1685.534	0.0	-37.5 to -12.5	9	842767
1685.534	0.0	-37.5 to -12.5	9	842767
1686.548	0.0	-37.5 to 12.5	8	843274
1686.548	0.0	-37.5 to 12.5	8	843274
1687.564	0.0	-37.5 to 37.5	7	843782
1687.564	0.0	-37.5 to 37.5	7	843782
1688.58	0.0	-37.5 to -12.5	9	844290
1688.58	0.0	-37.5 to -12.5	9	844290
1689.596	0.0	-37.5 to 37.5	7	844798
1689.596	0.0	-37.5 to 37.5	7	844798
1690.612	0.0	-37.5 to 12.5	8	845306
1690.612	0.0	-37.5 to 12.5	8	845306
1691.628	0.0	-37.5 to -12.5	9	845814
1691.628	0.0	-37.5 to -12.5	9	845814
1692.644	0.0	-37.5 to 37.5	7	846322
1692.644	0.0	-37.5 to 37.5	7	846322
1693.66	0.0	-37.5 to 12.5	8	846830
1693.66	0.0	-37.5 to 12.5	8	846830
1694.676	0.0	-37.5 to -12.5	9	847338
1694.676	0.0	-37.5 to -12.5	9	847338
1695.69	0.0	37.5 to 12.5	4	847845
1695.69	0.0	37.5 to 12.5	4	847845
1696.706	0.0	37.5 to -37.5	6	848353
1696.706	0.0	37.5 to -37.5	6	848353
1697.706	0.0	37.5 to -12.5	5	848853
1697.706	0.0	37.5 to -12.5	5	848853
1698.706	0.0	37.5 to 12.5	4	849353
1698.706	0.0	37.5 to 12.5	4	849353
1699.706	0.0	37.5 to -37.5	6	849853
1699.706	0.0	37.5 to -37.5	6	849853
1700.706	0.0	37.5 to -12.5	5	850353
1700.706	0.0	37.5 to -12.5	5	850353
1701.722	0.0	37.5 to 12.5	4	850861
1701.722	0.0	37.5 to 12.5	4	850861
1702.738	0.0	37.5 to -12.5	5	851369
1702.738	0.0	37.5 to -12.5	5	851369
1703.754	0.0	37.5 to -37.5	6	851877
1703.754	0.0	37.5 to -37.5	6	851877
1704.77	0.0	37.5 to 12.5	4	852385
1704.77	0.0	37.5 to 12.5	4	852385
1705.786	0.0	deviant	10	852893
1705.786	0.0	deviant	10	852893
1706.802	0.0	37.5 to -37.5	6	853401
1706.802	0.0	37.5 to -37.5	6	853401
1707.816	0.0	37.5 to -12.5	5	853908
1707.816	0.0	37.5 to -12.5	5	853908
1708.832	0.0	37.5 to 12.5	4	854416
1708.832	0.0	37.5 to 12.5	4	854416
1709.848	0.0	37.5 to -12.5	5	854924
1709.848	0.0	37.5 to -12.5	5	854924
1710.864	0.0	37.5 to -37.5	6	855432
1710.864	0.0	37.5 to -37.5	6	855432
1711.88	0.0	37.5 to 12.5	4	855940
1711.88	0.0	37.5 to 12.5	4	855940
1712.896	0.0	37.5 to -12.5	5	856448
1712.896	0.0	37.5 to -12.5	5	856448
1713.912	0.0	37.5 to -37.5	6	856956
1713.912	0.0	37.5 to -37.5	6	856956
1714.926	0.0	37.5 to 12.5	4	857463
1714.926	0.0	37.5 to 12.5	4	857463
1715.942	0.0	37.5 to -37.5	6	857971
1715.942	0.0	37.5 to -37.5	6	857971
1716.958	0.0	37.5 to -12.5	5	858479
1716.958	0.0	37.5 to -12.5	5	858479
1717.974	0.0	37.5 to 12.5	4	858987
1717.974	0.0	37.5 to 12.5	4	858987
1718.99	0.0	37.5 to -37.5	6	859495
1718.99	0.0	37.5 to -37.5	6	859495
1720.006	0.0	37.5 to -12.5	5	860003
1720.006	0.0	37.5 to -12.5	5	860003
1721.022	0.0	37.5 to -37.5	6	860511
1721.022	0.0	37.5 to -37.5	6	860511
1722.038	0.0	37.5 to 12.5	4	861019
1722.038	0.0	37.5 to 12.5	4	861019
1723.054	0.0	37.5 to -12.5	5	861527
1723.054	0.0	37.5 to -12.5	5	861527
1724.068	0.0	37.5 to 12.5	4	862034
1724.068	0.0	37.5 to 12.5	4	862034
1725.084	0.0	37.5 to -37.5	6	862542
1725.084	0.0	37.5 to -37.5	6	862542
1726.1	0.0	37.5 to -12.5	5	863050
1726.1	0.0	37.5 to -12.5	5	863050
1727.116	0.0	-37.5 to 37.5	7	863558
1727.116	0.0	-37.5 to 37.5	7	863558
1728.132	0.0	-37.5 to 12.5	8	864066
1728.132	0.0	-37.5 to 12.5	8	864066
1729.164	0.0	deviant	10	864582
1729.164	0.0	deviant	10	864582
1730.194	0.0	-37.5 to -12.5	9	865097
1730.194	0.0	-37.5 to -12.5	9	865097
1731.226	0.0	-37.5 to 37.5	7	865613
1731.226	0.0	-37.5 to 37.5	7	865613
1732.242	0.0	-37.5 to 12.5	8	866121
1732.242	0.0	-37.5 to 12.5	8	866121
1733.258	0.0	-37.5 to -12.5	9	866629
1733.258	0.0	-37.5 to -12.5	9	866629
1734.272	0.0	-37.5 to 37.5	7	867136
1734.272	0.0	-37.5 to 37.5	7	867136
1735.288	0.0	-37.5 to 12.5	8	867644
1735.288	0.0	-37.5 to 12.5	8	867644
1736.304	0.0	-37.5 to -12.5	9	868152
1736.304	0.0	-37.5 to -12.5	9	868152
1737.304	0.0	-37.5 to 37.5	7	868652
1737.304	0.0	-37.5 to 37.5	7	868652
1738.304	0.0	-37.5 to 12.5	8	869152
1738.304	0.0	-37.5 to 12.5	8	869152
1739.304	0.0	-37.5 to -12.5	9	869652
1739.304	0.0	-37.5 to -12.5	9	869652
1740.304	0.0	-37.5 to 12.5	8	870152
1740.304	0.0	-37.5 to 12.5	8	870152
1741.304	0.0	-37.5 to -12.5	9	870652
1741.304	0.0	-37.5 to -12.5	9	870652
1742.304	0.0	-37.5 to 37.5	7	871152
1742.304	0.0	-37.5 to 37.5	7	871152
1743.304	0.0	-37.5 to 12.5	8	871652
1743.304	0.0	-37.5 to 12.5	8	871652
1744.306	0.0	deviant	10	872153
1744.306	0.0	deviant	10	872153
1745.304	0.0	-37.5 to -12.5	9	872652
1745.304	0.0	-37.5 to -12.5	9	872652
1746.306	0.0	-37.5 to 37.5	7	873153
1746.306	0.0	-37.5 to 37.5	7	873153
1747.32	0.0	-37.5 to 12.5	8	873660
1747.32	0.0	-37.5 to 12.5	8	873660
1748.352	0.0	-37.5 to 37.5	7	874176
1748.352	0.0	-37.5 to 37.5	7	874176
1749.368	0.0	-37.5 to -12.5	9	874684
1749.368	0.0	-37.5 to -12.5	9	874684
1750.4	0.0	-37.5 to 12.5	8	875200
1750.4	0.0	-37.5 to 12.5	8	875200
1751.416	0.0	-37.5 to 37.5	7	875708
1751.416	0.0	-37.5 to 37.5	7	875708
1752.43	0.0	-37.5 to -12.5	9	876215
1752.43	0.0	-37.5 to -12.5	9	876215
1753.446	0.0	-37.5 to 37.5	7	876723
1753.446	0.0	-37.5 to 37.5	7	876723
1754.462	0.0	-37.5 to -12.5	9	877231
1754.462	0.0	-37.5 to -12.5	9	877231
1755.478	0.0	-37.5 to 12.5	8	877739
1755.478	0.0	-37.5 to 12.5	8	877739
1756.494	0.0	-37.5 to -12.5	9	878247
1756.494	0.0	-37.5 to -12.5	9	878247
1757.51	0.0	-37.5 to 12.5	8	878755
1757.51	0.0	-37.5 to 12.5	8	878755
1758.526	0.0	-37.5 to 37.5	7	879263
1758.526	0.0	-37.5 to 37.5	7	879263
1759.542	0.0	37.5 to -12.5	5	879771
1759.542	0.0	37.5 to -12.5	5	879771
1760.572	0.0	37.5 to -37.5	6	880286
1760.572	0.0	37.5 to -37.5	6	880286
1761.588	0.0	37.5 to 12.5	4	880794
1761.588	0.0	37.5 to 12.5	4	880794
1762.606	0.0	37.5 to -12.5	5	881303
1762.606	0.0	37.5 to -12.5	5	881303
1763.62	0.0	37.5 to -37.5	6	881810
1763.62	0.0	37.5 to -37.5	6	881810
1764.636	0.0	37.5 to 12.5	4	882318
1764.636	0.0	37.5 to 12.5	4	882318
1765.652	0.0	deviant	10	882826
1765.652	0.0	deviant	10	882826
1766.666	0.0	37.5 to -37.5	6	883333
1766.666	0.0	37.5 to -37.5	6	883333
1767.682	0.0	37.5 to 12.5	4	883841
1767.682	0.0	37.5 to 12.5	4	883841
1768.698	0.0	37.5 to -12.5	5	884349
1768.698	0.0	37.5 to -12.5	5	884349
1769.714	0.0	37.5 to -37.5	6	884857
1769.714	0.0	37.5 to -37.5	6	884857
1770.73	0.0	37.5 to -12.5	5	885365
1770.73	0.0	37.5 to -12.5	5	885365
1771.746	0.0	37.5 to 12.5	4	885873
1771.746	0.0	37.5 to 12.5	4	885873
1772.762	0.0	37.5 to -12.5	5	886381
1772.762	0.0	37.5 to -12.5	5	886381
1773.776	0.0	37.5 to -37.5	6	886888
1773.776	0.0	37.5 to -37.5	6	886888
1774.792	0.0	37.5 to 12.5	4	887396
1774.792	0.0	37.5 to 12.5	4	887396
1775.808	0.0	37.5 to -12.5	5	887904
1775.808	0.0	37.5 to -12.5	5	887904
1776.824	0.0	37.5 to -37.5	6	888412
1776.824	0.0	37.5 to -37.5	6	888412
1777.84	0.0	37.5 to 12.5	4	888920
1777.84	0.0	37.5 to 12.5	4	888920
1778.858	0.0	37.5 to -12.5	5	889429
1778.858	0.0	37.5 to -12.5	5	889429
1779.872	0.0	37.5 to 12.5	4	889936
1779.872	0.0	37.5 to 12.5	4	889936
1780.886	0.0	37.5 to -37.5	6	890443
1780.886	0.0	37.5 to -37.5	6	890443
1781.902	0.0	37.5 to 12.5	4	890951
1781.902	0.0	37.5 to 12.5	4	890951
1782.918	0.0	37.5 to -37.5	6	891459
1782.918	0.0	37.5 to -37.5	6	891459
1783.934	0.0	37.5 to -12.5	5	891967
1783.934	0.0	37.5 to -12.5	5	891967
1784.95	0.0	37.5 to 12.5	4	892475
1784.95	0.0	37.5 to 12.5	4	892475
1785.966	0.0	37.5 to -12.5	5	892983
1785.966	0.0	37.5 to -12.5	5	892983
1786.982	0.0	37.5 to -37.5	6	893491
1786.982	0.0	37.5 to -37.5	6	893491
1787.996	0.0	37.5 to 12.5	4	893998
1787.996	0.0	37.5 to 12.5	4	893998
1789.012	0.0	37.5 to -12.5	5	894506
1789.012	0.0	37.5 to -12.5	5	894506
1790.028	0.0	37.5 to -37.5	6	895014
1790.028	0.0	37.5 to -37.5	6	895014
1791.044	0.0	-37.5 to 37.5	7	895522
1791.044	0.0	-37.5 to 37.5	7	895522
1792.06	0.0	-37.5 to 12.5	8	896030
1792.06	0.0	-37.5 to 12.5	8	896030
1793.076	0.0	-37.5 to -12.5	9	896538
1793.076	0.0	-37.5 to -12.5	9	896538
1794.092	0.0	-37.5 to 37.5	7	897046
1794.092	0.0	-37.5 to 37.5	7	897046
1795.108	0.0	-37.5 to 12.5	8	897554
1795.108	0.0	-37.5 to 12.5	8	897554
1796.108	0.0	-37.5 to -12.5	9	898054
1796.108	0.0	-37.5 to -12.5	9	898054
1797.108	0.0	-37.5 to 12.5	8	898554
1797.108	0.0	-37.5 to 12.5	8	898554
1798.108	0.0	-37.5 to -12.5	9	899054
1798.108	0.0	-37.5 to -12.5	9	899054
1799.124	0.0	-37.5 to 37.5	7	899562
1799.124	0.0	-37.5 to 37.5	7	899562
1800.138	0.0	-37.5 to 12.5	8	900069
1800.138	0.0	-37.5 to 12.5	8	900069
1801.154	0.0	-37.5 to -12.5	9	900577
1801.154	0.0	-37.5 to -12.5	9	900577
1802.17	0.0	-37.5 to 37.5	7	901085
1802.17	0.0	-37.5 to 37.5	7	901085
1803.186	0.0	-37.5 to -12.5	9	901593
1803.186	0.0	-37.5 to -12.5	9	901593
1804.202	0.0	-37.5 to 12.5	8	902101
1804.202	0.0	-37.5 to 12.5	8	902101
1805.218	0.0	-37.5 to 37.5	7	902609
1805.218	0.0	-37.5 to 37.5	7	902609
1806.234	0.0	-37.5 to -12.5	9	903117
1806.234	0.0	-37.5 to -12.5	9	903117
1807.25	0.0	-37.5 to 37.5	7	903625
1807.25	0.0	-37.5 to 37.5	7	903625
1808.264	0.0	-37.5 to 12.5	8	904132
1808.264	0.0	-37.5 to 12.5	8	904132
1809.28	0.0	-37.5 to -12.5	9	904640
1809.28	0.0	-37.5 to -12.5	9	904640
1810.296	0.0	-37.5 to 12.5	8	905148
1810.296	0.0	-37.5 to 12.5	8	905148
1811.312	0.0	-37.5 to 37.5	7	905656
1811.312	0.0	-37.5 to 37.5	7	905656
1812.328	0.0	-37.5 to -12.5	9	906164
1812.328	0.0	-37.5 to -12.5	9	906164
1813.344	0.0	-37.5 to 12.5	8	906672
1813.344	0.0	-37.5 to 12.5	8	906672
1814.36	0.0	-37.5 to 37.5	7	907180
1814.36	0.0	-37.5 to 37.5	7	907180
1815.374	0.0	-37.5 to 12.5	8	907687
1815.374	0.0	-37.5 to 12.5	8	907687
1816.39	0.0	-37.5 to -12.5	9	908195
1816.39	0.0	-37.5 to -12.5	9	908195
1817.408	0.0	-37.5 to 37.5	7	908704
1817.408	0.0	-37.5 to 37.5	7	908704
1818.422	0.0	-37.5 to 12.5	8	909211
1818.422	0.0	-37.5 to 12.5	8	909211
1819.438	0.0	-37.5 to -12.5	9	909719
1819.438	0.0	-37.5 to -12.5	9	909719
1820.454	0.0	-37.5 to 37.5	7	910227
1820.454	0.0	-37.5 to 37.5	7	910227
1821.47	0.0	37.5 to -12.5	5	910735
1821.47	0.0	37.5 to -12.5	5	910735
1822.486	0.0	37.5 to -37.5	6	911243
1822.486	0.0	37.5 to -37.5	6	911243
1823.5	0.0	37.5 to 12.5	4	911750
1823.5	0.0	37.5 to 12.5	4	911750
1824.516	0.0	37.5 to -12.5	5	912258
1824.516	0.0	37.5 to -12.5	5	912258
1825.532	0.0	37.5 to -37.5	6	912766
1825.532	0.0	37.5 to -37.5	6	912766
1826.55	0.0	deviant	10	913275
1826.55	0.0	deviant	10	913275
1827.58	0.0	37.5 to 12.5	4	913790
1827.58	0.0	37.5 to 12.5	4	913790
1828.61	0.0	37.5 to -12.5	5	914305
1828.61	0.0	37.5 to -12.5	5	914305
1829.642	0.0	37.5 to -37.5	6	914821
1829.642	0.0	37.5 to -37.5	6	914821
1830.662	0.0	37.5 to 12.5	4	915331
1830.662	0.0	37.5 to 12.5	4	915331
1831.674	0.0	37.5 to -12.5	5	915837
1831.674	0.0	37.5 to -12.5	5	915837
1832.69	0.0	deviant	10	916345
1832.69	0.0	deviant	10	916345
1833.704	0.0	37.5 to 12.5	4	916852
1833.704	0.0	37.5 to 12.5	4	916852
1834.72	0.0	37.5 to -37.5	6	917360
1834.72	0.0	37.5 to -37.5	6	917360
1835.752	0.0	37.5 to 12.5	4	917876
1835.752	0.0	37.5 to 12.5	4	917876
1836.768	0.0	37.5 to -37.5	6	918384
1836.768	0.0	37.5 to -37.5	6	918384
1837.784	0.0	37.5 to -12.5	5	918892
1837.784	0.0	37.5 to -12.5	5	918892
1838.8	0.0	37.5 to 12.5	4	919400
1838.8	0.0	37.5 to 12.5	4	919400
1839.816	0.0	deviant	10	919908
1839.816	0.0	deviant	10	919908
1840.83	0.0	37.5 to -12.5	5	920415
1840.83	0.0	37.5 to -12.5	5	920415
1841.846	0.0	37.5 to -37.5	6	920923
1841.846	0.0	37.5 to -37.5	6	920923
1842.862	0.0	37.5 to 12.5	4	921431
1842.862	0.0	37.5 to 12.5	4	921431
1843.878	0.0	37.5 to -12.5	5	921939
1843.878	0.0	37.5 to -12.5	5	921939
1844.894	0.0	37.5 to -37.5	6	922447
1844.894	0.0	37.5 to -37.5	6	922447
1845.91	0.0	37.5 to -12.5	5	922955
1845.91	0.0	37.5 to -12.5	5	922955
1846.91	0.0	37.5 to 12.5	4	923455
1846.91	0.0	37.5 to 12.5	4	923455
1847.91	0.0	37.5 to -37.5	6	923955
1847.91	0.0	37.5 to -37.5	6	923955
1848.926	0.0	37.5 to 12.5	4	924463
1848.926	0.0	37.5 to 12.5	4	924463
1849.94	0.0	37.5 to -37.5	6	924970
1849.94	0.0	37.5 to -37.5	6	924970
1850.956	0.0	37.5 to -12.5	5	925478
1850.956	0.0	37.5 to -12.5	5	925478
1851.972	0.0	37.5 to 12.5	4	925986
1851.972	0.0	37.5 to 12.5	4	925986
1852.988	0.0	37.5 to -37.5	6	926494
1852.988	0.0	37.5 to -37.5	6	926494
1854.004	0.0	37.5 to -12.5	5	927002
1854.004	0.0	37.5 to -12.5	5	927002
1855.036	0.0	-37.5 to 37.5	7	927518
1855.036	0.0	-37.5 to 37.5	7	927518
1856.066	0.0	-37.5 to -12.5	9	928033
1856.066	0.0	-37.5 to -12.5	9	928033
1857.082	0.0	-37.5 to 12.5	8	928541
1857.082	0.0	-37.5 to 12.5	8	928541
1858.098	0.0	-37.5 to 37.5	7	929049
1858.098	0.0	-37.5 to 37.5	7	929049
1859.114	0.0	-37.5 to -12.5	9	929557
1859.114	0.0	-37.5 to -12.5	9	929557
1860.13	0.0	-37.5 to 12.5	8	930065
1860.13	0.0	-37.5 to 12.5	8	930065
1861.146	0.0	-37.5 to 37.5	7	930573
1861.146	0.0	-37.5 to 37.5	7	930573
1862.16	0.0	-37.5 to 12.5	8	931080
1862.16	0.0	-37.5 to 12.5	8	931080
1863.176	0.0	-37.5 to -12.5	9	931588
1863.176	0.0	-37.5 to -12.5	9	931588
1864.194	0.0	deviant	10	932097
1864.194	0.0	deviant	10	932097
1865.21	0.0	-37.5 to 12.5	8	932605
1865.21	0.0	-37.5 to 12.5	8	932605
1866.224	0.0	-37.5 to 37.5	7	933112
1866.224	0.0	-37.5 to 37.5	7	933112
1867.24	0.0	-37.5 to -12.5	9	933620
1867.24	0.0	-37.5 to -12.5	9	933620
1868.26	0.0	-37.5 to 12.5	8	934130
1868.26	0.0	-37.5 to 12.5	8	934130
1869.272	0.0	-37.5 to 37.5	7	934636
1869.272	0.0	-37.5 to 37.5	7	934636
1870.286	0.0	-37.5 to -12.5	9	935143
1870.286	0.0	-37.5 to -12.5	9	935143
1871.304	0.0	deviant	10	935652
1871.304	0.0	deviant	10	935652
1872.318	0.0	-37.5 to 12.5	8	936159
1872.318	0.0	-37.5 to 12.5	8	936159
1873.334	0.0	-37.5 to 37.5	7	936667
1873.334	0.0	-37.5 to 37.5	7	936667
1874.35	0.0	-37.5 to -12.5	9	937175
1874.35	0.0	-37.5 to -12.5	9	937175
1875.366	0.0	-37.5 to 12.5	8	937683
1875.366	0.0	-37.5 to 12.5	8	937683
1876.382	0.0	-37.5 to 37.5	7	938191
1876.382	0.0	-37.5 to 37.5	7	938191
1877.396	0.0	-37.5 to -12.5	9	938698
1877.396	0.0	-37.5 to -12.5	9	938698
1878.412	0.0	-37.5 to 12.5	8	939206
1878.412	0.0	-37.5 to 12.5	8	939206
1879.43	0.0	deviant	10	939715
1879.43	0.0	deviant	10	939715
1880.444	0.0	-37.5 to -12.5	9	940222
1880.444	0.0	-37.5 to -12.5	9	940222
1881.462	0.0	-37.5 to 37.5	7	940731
1881.462	0.0	-37.5 to 37.5	7	940731
1882.476	0.0	-37.5 to 12.5	8	941238
1882.476	0.0	-37.5 to 12.5	8	941238
1883.492	0.0	-37.5 to -12.5	9	941746
1883.492	0.0	-37.5 to -12.5	9	941746
1884.508	0.0	-37.5 to 37.5	7	942254
1884.508	0.0	-37.5 to 37.5	7	942254
1885.508	0.0	-37.5 to -12.5	9	942754
1885.508	0.0	-37.5 to -12.5	9	942754
1886.508	0.0	-37.5 to 12.5	8	943254
1886.508	0.0	-37.5 to 12.5	8	943254
1887.522	0.0	-37.5 to 37.5	7	943761
1887.522	0.0	-37.5 to 37.5	7	943761
1888.538	0.0	37.5 to 12.5	4	944269
1888.538	0.0	37.5 to 12.5	4	944269
1889.554	0.0	37.5 to -37.5	6	944777
1889.554	0.0	37.5 to -37.5	6	944777
1890.57	0.0	37.5 to -12.5	5	945285
1890.57	0.0	37.5 to -12.5	5	945285
1891.586	0.0	37.5 to 12.5	4	945793
1891.586	0.0	37.5 to 12.5	4	945793
1892.602	0.0	37.5 to -37.5	6	946301
1892.602	0.0	37.5 to -37.5	6	946301
1893.618	0.0	37.5 to -12.5	5	946809
1893.618	0.0	37.5 to -12.5	5	946809
1894.634	0.0	37.5 to 12.5	4	947317
1894.634	0.0	37.5 to 12.5	4	947317
1895.648	0.0	37.5 to -12.5	5	947824
1895.648	0.0	37.5 to -12.5	5	947824
1896.664	0.0	37.5 to -37.5	6	948332
1896.664	0.0	37.5 to -37.5	6	948332
1897.68	0.0	37.5 to -12.5	5	948840
1897.68	0.0	37.5 to -12.5	5	948840
1898.696	0.0	37.5 to -37.5	6	949348
1898.696	0.0	37.5 to -37.5	6	949348
1899.712	0.0	37.5 to 12.5	4	949856
1899.712	0.0	37.5 to 12.5	4	949856
1900.728	0.0	37.5 to -12.5	5	950364
1900.728	0.0	37.5 to -12.5	5	950364
1901.744	0.0	37.5 to -37.5	6	950872
1901.744	0.0	37.5 to -37.5	6	950872
1902.774	0.0	37.5 to 12.5	4	951387
1902.774	0.0	37.5 to 12.5	4	951387
1903.79	0.0	37.5 to -12.5	5	951895
1903.79	0.0	37.5 to -12.5	5	951895
1904.81	0.0	37.5 to -37.5	6	952405
1904.81	0.0	37.5 to -37.5	6	952405
1905.822	0.0	37.5 to 12.5	4	952911
1905.822	0.0	37.5 to 12.5	4	952911
1906.838	0.0	37.5 to -37.5	6	953419
1906.838	0.0	37.5 to -37.5	6	953419
1907.854	0.0	37.5 to -12.5	5	953927
1907.854	0.0	37.5 to -12.5	5	953927
1908.87	0.0	37.5 to 12.5	4	954435
1908.87	0.0	37.5 to 12.5	4	954435
1909.884	0.0	37.5 to -37.5	6	954942
1909.884	0.0	37.5 to -37.5	6	954942
1910.9	0.0	37.5 to 12.5	4	955450
1910.9	0.0	37.5 to 12.5	4	955450
1911.916	0.0	37.5 to -12.5	5	955958
1911.916	0.0	37.5 to -12.5	5	955958
1912.932	0.0	37.5 to -37.5	6	956466
1912.932	0.0	37.5 to -37.5	6	956466
1913.948	0.0	37.5 to 12.5	4	956974
1913.948	0.0	37.5 to 12.5	4	956974
1914.964	0.0	37.5 to -12.5	5	957482
1914.964	0.0	37.5 to -12.5	5	957482
1915.978	0.0	37.5 to 12.5	4	957989
1915.978	0.0	37.5 to 12.5	4	957989
1916.994	0.0	37.5 to -37.5	6	958497
1916.994	0.0	37.5 to -37.5	6	958497
1918.012	0.0	37.5 to -12.5	5	959006
1918.012	0.0	37.5 to -12.5	5	959006
1919.026	0.0	-37.5 to -12.5	9	959513
1919.026	0.0	-37.5 to -12.5	9	959513
1920.042	0.0	-37.5 to 37.5	7	960021
1920.042	0.0	-37.5 to 37.5	7	960021
1921.06	0.0	-37.5 to 12.5	8	960530
1921.06	0.0	-37.5 to 12.5	8	960530
1922.074	0.0	-37.5 to -12.5	9	961037
1922.074	0.0	-37.5 to -12.5	9	961037
1923.09	0.0	-37.5 to 37.5	7	961545
1923.09	0.0	-37.5 to 37.5	7	961545
1924.104	0.0	-37.5 to 12.5	8	962052
1924.104	0.0	-37.5 to 12.5	8	962052
1925.12	0.0	-37.5 to 37.5	7	962560
1925.12	0.0	-37.5 to 37.5	7	962560
1926.136	0.0	-37.5 to -12.5	9	963068
1926.136	0.0	-37.5 to -12.5	9	963068
1927.152	0.0	-37.5 to 12.5	8	963576
1927.152	0.0	-37.5 to 12.5	8	963576
1928.168	0.0	-37.5 to 37.5	7	964084
1928.168	0.0	-37.5 to 37.5	7	964084
1929.184	0.0	-37.5 to -12.5	9	964592
1929.184	0.0	-37.5 to -12.5	9	964592
1930.2	0.0	-37.5 to 12.5	8	965100
1930.2	0.0	-37.5 to 12.5	8	965100
1931.214	0.0	-37.5 to -12.5	9	965607
1931.214	0.0	-37.5 to -12.5	9	965607
1932.23	0.0	-37.5 to 12.5	8	966115
1932.23	0.0	-37.5 to 12.5	8	966115
1933.246	0.0	-37.5 to 37.5	7	966623
1933.246	0.0	-37.5 to 37.5	7	966623
1934.264	0.0	-37.5 to -12.5	9	967132
1934.264	0.0	-37.5 to -12.5	9	967132
1935.278	0.0	-37.5 to 12.5	8	967639
1935.278	0.0	-37.5 to 12.5	8	967639
1936.294	0.0	-37.5 to 37.5	7	968147
1936.294	0.0	-37.5 to 37.5	7	968147
1937.324	0.0	-37.5 to -12.5	9	968662
1937.324	0.0	-37.5 to -12.5	9	968662
1938.356	0.0	-37.5 to 37.5	7	969178
1938.356	0.0	-37.5 to 37.5	7	969178
1939.372	0.0	-37.5 to 12.5	8	969686
1939.372	0.0	-37.5 to 12.5	8	969686
1940.388	0.0	deviant	10	970194
1940.388	0.0	deviant	10	970194
1941.404	0.0	-37.5 to 37.5	7	970702
1941.404	0.0	-37.5 to 37.5	7	970702
1942.42	0.0	-37.5 to 12.5	8	971210
1942.42	0.0	-37.5 to 12.5	8	971210
1943.436	0.0	-37.5 to -12.5	9	971718
1943.436	0.0	-37.5 to -12.5	9	971718
1944.45	0.0	-37.5 to 37.5	7	972225
1944.45	0.0	-37.5 to 37.5	7	972225
1945.466	0.0	-37.5 to 12.5	8	972733
1945.466	0.0	-37.5 to 12.5	8	972733
1946.482	0.0	-37.5 to -12.5	9	973241
1946.482	0.0	-37.5 to -12.5	9	973241
1947.498	0.0	-37.5 to 37.5	7	973749
1947.498	0.0	-37.5 to 37.5	7	973749
1948.514	0.0	-37.5 to -12.5	9	974257
1948.514	0.0	-37.5 to -12.5	9	974257
1949.53	0.0	-37.5 to 12.5	8	974765
1949.53	0.0	-37.5 to 12.5	8	974765
1950.546	0.0	37.5 to -12.5	5	975273
1950.546	0.0	37.5 to -12.5	5	975273
1951.562	0.0	37.5 to 12.5	4	975781
1951.562	0.0	37.5 to 12.5	4	975781
1952.576	0.0	37.5 to -37.5	6	976288
1952.576	0.0	37.5 to -37.5	6	976288
1953.592	0.0	37.5 to -12.5	5	976796
1953.592	0.0	37.5 to -12.5	5	976796
1954.61	0.0	37.5 to 12.5	4	977305
1954.61	0.0	37.5 to 12.5	4	977305
1955.624	0.0	37.5 to -37.5	6	977812
1955.624	0.0	37.5 to -37.5	6	977812
1956.64	0.0	37.5 to 12.5	4	978320
1956.64	0.0	37.5 to 12.5	4	978320
1957.656	0.0	37.5 to -12.5	5	978828
1957.656	0.0	37.5 to -12.5	5	978828
1958.672	0.0	37.5 to -37.5	6	979336
1958.672	0.0	37.5 to -37.5	6	979336
1959.688	0.0	37.5 to 12.5	4	979844
1959.688	0.0	37.5 to 12.5	4	979844
1960.702	0.0	37.5 to -37.5	6	980351
1960.702	0.0	37.5 to -37.5	6	980351
1961.718	0.0	37.5 to -12.5	5	980859
1961.718	0.0	37.5 to -12.5	5	980859
1962.734	0.0	37.5 to 12.5	4	981367
1962.734	0.0	37.5 to 12.5	4	981367
1963.75	0.0	37.5 to -37.5	6	981875
1963.75	0.0	37.5 to -37.5	6	981875
1964.766	0.0	37.5 to -12.5	5	982383
1964.766	0.0	37.5 to -12.5	5	982383
1965.78	0.0	37.5 to -37.5	6	982890
1965.78	0.0	37.5 to -37.5	6	982890
1966.796	0.0	37.5 to 12.5	4	983398
1966.796	0.0	37.5 to 12.5	4	983398
1967.812	0.0	37.5 to -12.5	5	983906
1967.812	0.0	37.5 to -12.5	5	983906
1968.828	0.0	37.5 to 12.5	4	984414
1968.828	0.0	37.5 to 12.5	4	984414
1969.844	0.0	37.5 to -12.5	5	984922
1969.844	0.0	37.5 to -12.5	5	984922
1970.864	0.0	37.5 to -37.5	6	985432
1970.864	0.0	37.5 to -37.5	6	985432
1971.876	0.0	37.5 to -12.5	5	985938
1971.876	0.0	37.5 to -12.5	5	985938
1972.892	0.0	37.5 to 12.5	4	986446
1972.892	0.0	37.5 to 12.5	4	986446
1973.908	0.0	37.5 to -37.5	6	986954
1973.908	0.0	37.5 to -37.5	6	986954
1974.924	0.0	37.5 to 12.5	4	987462
1974.924	0.0	37.5 to 12.5	4	987462
1975.94	0.0	37.5 to -12.5	5	987970
1975.94	0.0	37.5 to -12.5	5	987970
1976.954	0.0	37.5 to -37.5	6	988477
1976.954	0.0	37.5 to -37.5	6	988477
1977.97	0.0	37.5 to -12.5	5	988985
1977.97	0.0	37.5 to -12.5	5	988985
1978.986	0.0	37.5 to 12.5	4	989493
1978.986	0.0	37.5 to 12.5	4	989493
1980.002	0.0	37.5 to -37.5	6	990001
1980.002	0.0	37.5 to -37.5	6	990001
1981.032	0.0	-37.5 to -12.5	9	990516
1981.032	0.0	-37.5 to -12.5	9	990516
1982.048	0.0	-37.5 to 37.5	7	991024
1982.048	0.0	-37.5 to 37.5	7	991024
1983.064	0.0	-37.5 to 12.5	8	991532
1983.064	0.0	-37.5 to 12.5	8	991532
1984.08	0.0	-37.5 to -12.5	9	992040
1984.08	0.0	-37.5 to -12.5	9	992040
1985.096	0.0	-37.5 to 37.5	7	992548
1985.096	0.0	-37.5 to 37.5	7	992548
1986.112	0.0	-37.5 to 12.5	8	993056
1986.112	0.0	-37.5 to 12.5	8	993056
1987.112	0.0	-37.5 to 37.5	7	993556
1987.112	0.0	-37.5 to 37.5	7	993556
1988.112	0.0	-37.5 to 12.5	8	994056
1988.112	0.0	-37.5 to 12.5	8	994056
1989.128	0.0	-37.5 to -12.5	9	994564
1989.128	0.0	-37.5 to -12.5	9	994564
1990.144	0.0	-37.5 to 37.5	7	995072
1990.144	0.0	-37.5 to 37.5	7	995072
1991.16	0.0	deviant	10	995580
1991.16	0.0	deviant	10	995580
1992.176	0.0	-37.5 to -12.5	9	996088
1992.176	0.0	-37.5 to -12.5	9	996088
1993.192	0.0	-37.5 to 12.5	8	996596
1993.192	0.0	-37.5 to 12.5	8	996596
1994.206	0.0	-37.5 to 37.5	7	997103
1994.206	0.0	-37.5 to 37.5	7	997103
1995.222	0.0	-37.5 to 12.5	8	997611
1995.222	0.0	-37.5 to 12.5	8	997611
1996.238	0.0	-37.5 to -12.5	9	998119
1996.238	0.0	-37.5 to -12.5	9	998119
1997.254	0.0	-37.5 to 37.5	7	998627
1997.254	0.0	-37.5 to 37.5	7	998627
1998.27	0.0	deviant	10	999135
1998.27	0.0	deviant	10	999135
1999.286	0.0	-37.5 to -12.5	9	999643
1999.286	0.0	-37.5 to -12.5	9	999643
2000.3	0.0	-37.5 to 12.5	8	1000150
2000.3	0.0	-37.5 to 12.5	8	1000150
2001.316	0.0	-37.5 to 37.5	7	1000658
2001.316	0.0	-37.5 to 37.5	7	1000658
2002.332	0.0	-37.5 to -12.5	9	1001166
2002.332	0.0	-37.5 to -12.5	9	1001166
2003.348	0.0	-37.5 to 12.5	8	1001674
2003.348	0.0	-37.5 to 12.5	8	1001674
2004.364	0.0	-37.5 to 37.5	7	1002182
2004.364	0.0	-37.5 to 37.5	7	1002182
2005.38	0.0	-37.5 to -12.5	9	1002690
2005.38	0.0	-37.5 to -12.5	9	1002690
2006.394	0.0	-37.5 to 12.5	8	1003197
2006.394	0.0	-37.5 to 12.5	8	1003197
2007.414	0.0	-37.5 to -12.5	9	1003707
2007.414	0.0	-37.5 to -12.5	9	1003707
2008.426	0.0	-37.5 to 37.5	7	1004213
2008.426	0.0	-37.5 to 37.5	7	1004213
2009.442	0.0	-37.5 to 12.5	8	1004721
2009.442	0.0	-37.5 to 12.5	8	1004721
2010.458	0.0	-37.5 to 37.5	7	1005229
2010.458	0.0	-37.5 to 37.5	7	1005229
2011.474	0.0	-37.5 to -12.5	9	1005737
2011.474	0.0	-37.5 to -12.5	9	1005737
2012.49	0.0	-37.5 to 12.5	8	1006245
2012.49	0.0	-37.5 to 12.5	8	1006245
2013.504	0.0	37.5 to -12.5	5	1006752
2013.504	0.0	37.5 to -12.5	5	1006752
2014.52	0.0	37.5 to -37.5	6	1007260
2014.52	0.0	37.5 to -37.5	6	1007260
2015.536	0.0	37.5 to 12.5	4	1007768
2015.536	0.0	37.5 to 12.5	4	1007768
2016.568	0.0	37.5 to -12.5	5	1008284
2016.568	0.0	37.5 to -12.5	5	1008284
2017.584	0.0	37.5 to -37.5	6	1008792
2017.584	0.0	37.5 to -37.5	6	1008792
2018.6	0.0	deviant	10	1009300
2018.6	0.0	deviant	10	1009300
2019.614	0.0	37.5 to 12.5	4	1009807
2019.614	0.0	37.5 to 12.5	4	1009807
2020.63	0.0	37.5 to -12.5	5	1010315
2020.63	0.0	37.5 to -12.5	5	1010315
2021.646	0.0	37.5 to -37.5	6	1010823
2021.646	0.0	37.5 to -37.5	6	1010823
2022.664	0.0	37.5 to 12.5	4	1011332
2022.664	0.0	37.5 to 12.5	4	1011332
2023.678	0.0	37.5 to -37.5	6	1011839
2023.678	0.0	37.5 to -37.5	6	1011839
2024.694	0.0	37.5 to 12.5	4	1012347
2024.694	0.0	37.5 to 12.5	4	1012347
2025.71	0.0	37.5 to -12.5	5	1012855
2025.71	0.0	37.5 to -12.5	5	1012855
2026.724	0.0	37.5 to 12.5	4	1013362
2026.724	0.0	37.5 to 12.5	4	1013362
2027.74	0.0	37.5 to -37.5	6	1013870
2027.74	0.0	37.5 to -37.5	6	1013870
2028.756	0.0	37.5 to -12.5	5	1014378
2028.756	0.0	37.5 to -12.5	5	1014378
2029.772	0.0	37.5 to 12.5	4	1014886
2029.772	0.0	37.5 to 12.5	4	1014886
2030.788	0.0	37.5 to -12.5	5	1015394
2030.788	0.0	37.5 to -12.5	5	1015394
2031.804	0.0	37.5 to -37.5	6	1015902
2031.804	0.0	37.5 to -37.5	6	1015902
2032.82	0.0	37.5 to 12.5	4	1016410
2032.82	0.0	37.5 to 12.5	4	1016410
2033.834	0.0	37.5 to -12.5	5	1016917
2033.834	0.0	37.5 to -12.5	5	1016917
2034.85	0.0	37.5 to -37.5	6	1017425
2034.85	0.0	37.5 to -37.5	6	1017425
2035.866	0.0	37.5 to -12.5	5	1017933
2035.866	0.0	37.5 to -12.5	5	1017933
2036.882	0.0	37.5 to 12.5	4	1018441
2036.882	0.0	37.5 to 12.5	4	1018441
2037.898	0.0	37.5 to -37.5	6	1018949
2037.898	0.0	37.5 to -37.5	6	1018949
2038.914	0.0	37.5 to -12.5	5	1019457
2038.914	0.0	37.5 to -12.5	5	1019457
2039.914	0.0	37.5 to 12.5	4	1019957
2039.914	0.0	37.5 to 12.5	4	1019957
2040.914	0.0	37.5 to -37.5	6	1020457
2040.914	0.0	37.5 to -37.5	6	1020457
2041.93	0.0	37.5 to -12.5	5	1020965
2041.93	0.0	37.5 to -12.5	5	1020965
2042.946	0.0	37.5 to 12.5	4	1021473
2042.946	0.0	37.5 to 12.5	4	1021473
2043.962	0.0	37.5 to -37.5	6	1021981
2043.962	0.0	37.5 to -37.5	6	1021981
2044.976	0.0	-37.5 to 37.5	7	1022488
2044.976	0.0	-37.5 to 37.5	7	1022488
2045.992	0.0	-37.5 to 12.5	8	1022996
2045.992	0.0	-37.5 to 12.5	8	1022996
2047.012	0.0	-37.5 to -12.5	9	1023506
2047.012	0.0	-37.5 to -12.5	9	1023506
2048.04	0.0	-37.5 to 37.5	7	1024020
2048.04	0.0	-37.5 to 37.5	7	1024020
2049.072	0.0	-37.5 to 12.5	8	1024536
2049.072	0.0	-37.5 to 12.5	8	1024536
2050.102	0.0	-37.5 to -12.5	9	1025051
2050.102	0.0	-37.5 to -12.5	9	1025051
2051.118	0.0	-37.5 to 37.5	7	1025559
2051.118	0.0	-37.5 to 37.5	7	1025559
2052.134	0.0	-37.5 to 12.5	8	1026067
2052.134	0.0	-37.5 to 12.5	8	1026067
2053.15	0.0	-37.5 to -12.5	9	1026575
2053.15	0.0	-37.5 to -12.5	9	1026575
2054.166	0.0	-37.5 to 12.5	8	1027083
2054.166	0.0	-37.5 to 12.5	8	1027083
2055.182	0.0	-37.5 to -12.5	9	1027591
2055.182	0.0	-37.5 to -12.5	9	1027591
2056.196	0.0	-37.5 to 37.5	7	1028098
2056.196	0.0	-37.5 to 37.5	7	1028098
2057.214	0.0	-37.5 to -12.5	9	1028607
2057.214	0.0	-37.5 to -12.5	9	1028607
2058.228	0.0	-37.5 to 12.5	8	1029114
2058.228	0.0	-37.5 to 12.5	8	1029114
2059.244	0.0	-37.5 to 37.5	7	1029622
2059.244	0.0	-37.5 to 37.5	7	1029622
2060.264	0.0	deviant	10	1030132
2060.264	0.0	deviant	10	1030132
2061.276	0.0	-37.5 to -12.5	9	1030638
2061.276	0.0	-37.5 to -12.5	9	1030638
2062.292	0.0	-37.5 to 37.5	7	1031146
2062.292	0.0	-37.5 to 37.5	7	1031146
2063.306	0.0	-37.5 to 12.5	8	1031653
2063.306	0.0	-37.5 to 12.5	8	1031653
2064.322	0.0	-37.5 to -12.5	9	1032161
2064.322	0.0	-37.5 to -12.5	9	1032161
2065.338	0.0	-37.5 to 12.5	8	1032669
2065.338	0.0	-37.5 to 12.5	8	1032669
2066.356	0.0	deviant	10	1033178
2066.356	0.0	deviant	10	1033178
2067.37	0.0	-37.5 to 37.5	7	1033685
2067.37	0.0	-37.5 to 37.5	7	1033685
2068.386	0.0	-37.5 to -12.5	9	1034193
2068.386	0.0	-37.5 to -12.5	9	1034193
2069.402	0.0	-37.5 to 12.5	8	1034701
2069.402	0.0	-37.5 to 12.5	8	1034701
2070.416	0.0	-37.5 to 37.5	7	1035208
2070.416	0.0	-37.5 to 37.5	7	1035208
2071.432	0.0	-37.5 to 12.5	8	1035716
2071.432	0.0	-37.5 to 12.5	8	1035716
2072.45	0.0	deviant	10	1036225
2072.45	0.0	deviant	10	1036225
2073.466	0.0	-37.5 to -12.5	9	1036733
2073.466	0.0	-37.5 to -12.5	9	1036733
2074.48	0.0	-37.5 to 37.5	7	1037240
2074.48	0.0	-37.5 to 37.5	7	1037240
2075.496	0.0	-37.5 to -12.5	9	1037748
2075.496	0.0	-37.5 to -12.5	9	1037748
2076.526	0.0	-37.5 to 12.5	8	1038263
2076.526	0.0	-37.5 to 12.5	8	1038263
2077.542	0.0	-37.5 to 37.5	7	1038771
2077.542	0.0	-37.5 to 37.5	7	1038771
